entity	type	rank_sampling	rank_passive	rank_diff
Singapore	wikicat_Port_cities	16984	378	16606
Division_No._11,_Alberta	wordnet_administrative_district_108491826	16329	1	16328
SC_Telstar	wikicat_Association_football_clubs_established_in_1963	15054	225	14829
Otago	wordnet_administrative_district_108491826	14439	119	14320
Clackmannanshire	wordnet_county_108546183	16245	2816	13429
Walter_Novellino	wikicat_A.C._Legnano_players	13000	870	12130
Exeter,_New_Hampshire	wikicat_Towns_in_New_Hampshire	16045	4252	11793
Videoton_FC	wikicat_Football_clubs_in_Hungary	11530	172	11358
University_of_Königsberg	wikicat_Universities_and_colleges_in_the_Polish–Lithuanian_Commonwealth	15894	4586	11308
John_Henry_Newman	wikicat_Converts_to_Roman_Catholicism_from_Anglicanism	16365	5292	11073
Borough_of_Milton_Keynes	wordnet_county_108546183	11932	1722	10210
Monica_(singer)	wikicat_People_from_Scottsdale,_Arizona	15464	5687	9777
Buenos_Aires	wikicat_Populated_places_established_in_1580	12684	3169	9515
College_Park,_Maryland	wikicat_Cities_in_Prince_George's_County,_Maryland	15179	6076	9103
Ton_Pentre_F.C.	wikicat_Association_football_clubs_established_in_1935	15136	6101	9035
Adap_Galo_Maringá_Football_Club	wikicat_Association_football_clubs_established_in_2006	10070	1391	8679
Omusati_Region	wikicat_Subdivisions_of_Namibia	16483	7825	8658
III._Kerületi_TUE	wikicat_Association_football_clubs_established_in_1887	8446	134	8312
University_of_Minnesota	wikicat_Universities_and_colleges_in_Minnesota	17181	9242	7939
Windhoek	wikicat_Regional_capitals_in_Namibia	15911	8295	7616
Gimnàstic_de_Tarragona	wikicat_Football_clubs_in_Spain	8672	1071	7601
Benoit_Mandelbrot	wikicat_Harvard_University_people	10207	2780	7427
F.C._Hansa_Rostock	wikicat_Football_clubs_in_Mecklenburg-Vorpommern	17032	9622	7410
FremantleMedia	wikicat_Companies_of_the_United_Kingdom	16691	9431	7260
Rouen	wikicat_Viking_Age_populated_places	10191	3106	7085
Christopher_Hitchens	wikicat_English_non-fiction_writers	15285	8228	7057
Quito	wikicat_Populated_places_in_Ecuador	16167	9131	7036
Legion_of_Honour	wikicat_Military_orders	16416	9381	7035
Michèle_Alliot-Marie	wikicat_People_from_Val-de-Marne	17466	10589	6877
Joshua_Jackson	wikicat_American_comics_writers	12632	5969	6663
Francis_Bacon	wikicat_British_spies	16723	10079	6644
Club_Atlético_Sarmiento	wordnet_club_108227214	7499	910	6589
Georges_Simenon	wikicat_People_from_Liège_(city)	15759	9395	6364
John_Grisham	wikicat_American_thriller_writers	17864	11539	6325
Aurelio_Vidmar	wikicat_Croydon_Kings_players	15357	9042	6315
Valletta	wikicat_World_Heritage_Sites_in_Malta	8421	2139	6282
Cobresal	wikicat_Football_clubs_in_Chile	13182	6977	6205
Géza_Kalocsay	wikicat_Hungarian_expatriates_in_Poland	17019	10901	6118
Anderlecht	wikicat_Municipalities_of_the_Brussels-Capital_Region	16458	10343	6115
Peggy_Lokando	wikicat_Waltham_Forest_F.C._players	15083	9023	6060
Mark_Williams_(South_African_footballer)	wikicat_Jomo_Cosmos_F.C._players	15579	9565	6014
Pittsburgh_International_Airport	wikicat_Airfields_of_the_United_States_Army_Air_Forces_in_Pennsylvania	14535	8678	5857
K.A.A._Gent	wikicat_Association_football_clubs_established_in_1864	16599	10798	5801
Gyula_Lóránt	wikicat_Olympic_footballers_of_Hungary	13588	7826	5762
Pallalcesto_Amatori_Udine	wikicat_Sports_clubs_established_in_1999	8980	3251	5729
Nazi_Party	wikicat_Political_parties_disestablished_in_1945	13629	7975	5654
Glen_Moss	wikicat_FC_Dinamo_București_players	10889	5242	5647
Haruki_Murakami	wikicat_20th-century_translators	17886	12274	5612
Woking_F.C.	wikicat_Football_clubs_in_Surrey	15333	9784	5549
Östergötland	wikicat_Provinces_of_Sweden	7114	1588	5526
Des_Plaines,_Illinois	wikicat_Populated_places_established_in_1852	6835	1333	5502
Boston	wikicat_Cities_in_Suffolk_County,_Massachusetts	13847	8411	5436
Club_Social_y_Deportivo_Macará	wikicat_Association_football_clubs_established_in_1939	5818	393	5425
G._K._Chesterton	wikicat_Converts_to_Roman_Catholicism_from_Anglicanism	10290	4888	5402
Club_Blooming	wikicat_Football_clubs_in_Bolivia	5564	185	5379
Mounir_El_Hamdaoui	wikicat_Dutch_people_of_Moroccan_descent	16519	11160	5359
James_Tobin	wikicat_People_from_Champaign,_Illinois	12656	7302	5354
Rosa_Luxemburg	wikicat_Executed_revolutionaries	17328	12041	5287
Elgin,_Illinois	wikicat_Cities_in_Kane_County,_Illinois	16861	11584	5277
David_Hume	wikicat_Scottish_atheists	15010	9782	5228
Ronald_Arana	wikicat_Club_Bolívar_players	5268	55	5213
TSG_Neustrelitz	wikicat_Football_clubs_in_Mecklenburg-Vorpommern	16722	11662	5060
David_Watson_(footballer_born_1946)	wikicat_Fort_Lauderdale_Sun_players	15850	10793	5057
Thomas_Paine	wikicat_18th-century_English_writers	15302	10281	5021
Gmina_Tarnawatka	wordnet_administrative_district_108491826	4982	1	4981
Dimba	wikicat_Leça_F.C._players	15122	10160	4962
Konstanz	wikicat_Borders_of_Germany	9335	4436	4899
Vanče_Šikov	wikicat_GFK_Tikveš_players	12276	7418	4858
Susan_Sontag	wikicat_American_historical_novelists	17385	12565	4820
Dorin_Goian	wikicat_FCM_Bacău_players	16966	12188	4778
Andy_King_(footballer,_born_1956)	wikicat_Cobh_Ramblers_F.C._players	15427	10680	4747
Eric_Idle	wikicat_21st-century_composers	5864	1164	4700
Mersin_İdmanyurdu_SK	wikicat_Football_clubs_in_Turkey	4750	50	4700
Port_Moresby	wikicat_Populated_places_established_in_1873	6061	1382	4679
Bonnyrigg_White_Eagles_FC	wikicat_Serbian_sports_clubs_in_Australia	14252	9627	4625
Sayaji_Shinde	wikicat_Actors_in_Kannada_cinema	15303	10721	4582
Mark_Williams_(South_African_footballer)	wikicat_Al_Shabab_FC_(Riyadh)_players	15678	11130	4548
Srgjan_Zaharievski	wikicat_FK_Teteks_players	15045	10515	4530
Hanoi	wikicat_Populated_places_established_in_the_11th_century	5218	718	4500
Wellingborough	wikicat_Post_towns_in_the_NN_postcode_area	14329	9903	4426
Jeremy_Bentham	wikicat_Animal_rights_advocates	11494	7122	4372
Andrej_Hesek	wikicat_FK_Senica_players	12771	8429	4342
Columbia,_Missouri	wikicat_Busking_venues	14021	9792	4229
Spellemannprisen	wikicat_Awards_established_in_1973	16239	12017	4222
Javier_Marías	wikicat_Translators_to_Spanish	16699	12491	4208
Leelanau_County,_Michigan	wikicat_Populated_places_established_in_1840	17968	13837	4131
Dammam	wikicat_Populated_places_established_in_1923	6258	2141	4117
FC_Chiasso	wikicat_Association_football_clubs_established_in_1905	11026	6949	4077
Óscar_Díaz_González	wikicat_CD_Lugo_footballers	14981	10924	4057
Fluminense_F.C.	wikicat_Football_clubs_in_Rio_de_Janeiro_(city)	4027	5	4022
Cole_Porter	wikicat_LGBT_composers	17364	13372	3992
Chick_Corea	wikicat_GRP_Records_artists	14716	10737	3979
Manuel_dos_Santos_Fernandes	wikicat_People_from_Praia	17350	13410	3940
Anne,_Princess_Royal	wikicat_Royal_Olympic_participants	15753	11822	3931
Trinity_University_(Texas)	wikicat_Educational_institutions_established_in_1873	4681	753	3928
University_of_Cambridge	wikicat_Educational_institutions_established_in_the_13th_century	14293	10379	3914
Charles_K._Kao	wikicat_Alumni_of_the_University_of_Greenwich	15322	11438	3884
Preston,_Lancashire	wikicat_Post_towns_in_the_PR_postcode_area	15886	12005	3881
Liberty_University	wikicat_Universities_and_colleges_affiliated_with_the_Southern_Baptist_Convention	13167	9289	3878
Eduardo_Ratinho	wikicat_Toulouse_FC_players	5073	1210	3863
Olubayo_Adefemi	wikicat_Hapoel_Bnei_Lod_F.C._players	16278	12443	3835
Flinders_University	wikicat_Educational_institutions_established_in_1966	14588	10759	3829
Roy_Scheider	wikicat_Rutgers_University_alumni	6027	2315	3712
Melbourne_Airport	wikicat_Airports_established_in_1970	13419	9713	3706
José_Saramago	wikicat_Anti-globalization_activists	6178	2519	3659
Steven_Spielberg	wikicat_Distinguished_Eagle_Scouts	7116	3457	3659
University_of_South_Africa	wikicat_Distance_education_institutions	13354	9710	3644
Jeff_Betts	wikicat_Portland_Pilots_men's_soccer_players	15647	12006	3641
M._S._Swaminathan	wikicat_World_Food_Prize_laureates	16299	12661	3638
Christopher_Guest	wikicat_Barons_in_the_Peerage_of_the_United_Kingdom	5522	1903	3619
Tommy_Wright_(footballer,_born_1984)	wikicat_Corby_Town_F.C._players	16071	12453	3618
Umm_Salal_SC	wikicat_Football_clubs_in_Qatar	10364	6834	3530
Kochi	wikicat_Cities_and_towns_in_Ernakulam_district	16405	12881	3524
Dungannon_Swifts_F.C.	wikicat_Association_football_clubs_established_in_1949	3544	50	3494
Hans-Georg_Gadamer	wikicat_Commentators_on_Aristotle	15722	12242	3480
Andrew_Taylor_(footballer,_born_1986)	wikicat_People_from_Hartlepool	16021	12555	3466
Alex_Mathie	wikicat_West_Auckland_Town_F.C._players	16911	13459	3452
Andreas_Glyniadakis	wikicat_AEK_Athens_B.C._players	15927	12580	3347
Peter_Debye	wikicat_People_from_Maastricht	4265	927	3338
Portland,_Oregon	wikicat_Cities_in_Clackamas_County,_Oregon	15757	12421	3336
John_Kerry	wikicat_Foreign_Service_brats	17342	14027	3315
Cluj-Napoca	wikicat_Capitals_of_the_Principality_of_Transylvania	12726	9411	3315
Jerry_Siegel	wikicat_Disney_comics_artists	6634	3343	3291
Joe_Pesci	wikicat_People_from_Belleville,_New_Jersey	4916	1650	3266
Thomas_Jefferson	wikicat_Protestant_philosophers	3652	386	3266
Virginia_Commonwealth_University	wikicat_Educational_institutions_established_in_1968	9191	5960	3231
Julianne_Moore	wikicat_People_from_North_Carolina	7124	3902	3222
Duchy_of_Styria	wikicat_Historical_subdivisions_of_the_Slovene_ethnic_territory	4316	1097	3219
Central_Connecticut_State_University	wikicat_Educational_institutions_established_in_1849	9273	6070	3203
Sékou_Tidiane_Souaré	wikicat_Expatriate_footballers_in_Guinea	14998	11798	3200
Pierre_Trudeau	wikicat_Canadian_academics	16877	13692	3185
fr/Avenir_sportif_de_La_Marsa_(football)	wikicat_Football_clubs_in_Tunisia	15527	12343	3184
FC_Arsenal_Kyiv	wikicat_Association_football_clubs_established_in_1934	3397	226	3171
Gilbert_Bodart	wikicat_K.V._Oostende_managers	17051	13904	3147
Liam_Neeson	wikicat_People_from_Ballymena	16055	12929	3126
Alex_Nyarko	wikicat_Dawu_Youngstars_players	15825	12702	3123
Bob_Hope	wikicat_American_boxers	15475	12356	3119
Kevin_Miller_(footballer)	wikicat_Footballers_from_Cornwall	4697	1590	3107
Julio_César_Uribe	wikicat_Peruvian_expatriates_in_Mexico	16501	13412	3089
C.F._Monterrey	wikicat_Association_football_clubs_established_in_1945	4260	1196	3064
John_Stuart_Mill	wikicat_Feminist_economists	13855	10800	3055
Liivo_Leetma	wikicat_Estonian_expatriate_footballers	16072	13018	3054
Hadley,_Massachusetts	wikicat_Populated_places_in_Hampshire_County,_Massachusetts	12298	9248	3050
Alex_Mathie	wikicat_Northern_Premier_League_managers	16206	13177	3029
Jules_Vandooren	wikicat_Senegal_national_football_team_managers	16371	13343	3028
Adolf_Hitler	wikicat_Naturalized_citizens_of_Germany	16458	13432	3026
Shreveport,_Louisiana	wikicat_Cities_in_Bossier_Parish,_Louisiana	17461	14448	3013
FC_Chiasso	wordnet_club_108227214	6223	3247	2976
Pervez_Musharraf	wikicat_People_from_Karachi	16685	13730	2955
Hilary_Duff	wikicat_Walt_Disney_Records_artists	16542	13587	2955
Stephen_King	wikicat_American_thriller_writers	17982	15048	2934
Terrel_Castle	wikicat_AEK_Athens_B.C._players	15824	12898	2926
San_Lorenzo_de_Almagro	wikicat_Argentine_rugby_union_teams	14805	11885	2920
Barack_Obama	wikicat_Occidental_College_alumni	17667	14752	2915
Persebaya_Surabaya	wikicat_Football_clubs_in_Indonesia	6059	3145	2914
Rennes	wikicat_Communes_of_Ille-et-Vilaine	16842	13929	2913
Ebbw_Vale_F.C.	wikicat_Association_football_clubs_disestablished_in_1998	6922	4009	2913
Coral_Gables,_Florida	wikicat_Populated_places_established_in_1925	9870	6992	2878
Jules_Vandooren	wikicat_Red_Star_Saint-Ouen_players	16107	13248	2859
Ninoslav_Milenković	wikicat_K._Sint-Truidense_V.V._players	3003	207	2796
John_Stuart_Mill	wikicat_Atheist_feminists	3697	911	2786
P._Bharathiraja	wikicat_Tamil_screenwriters	15567	12805	2762
Second_Crusade	wordnet_conflict_100958896	2925	170	2755
Chad_Harpur	wikicat_People_from_Johannesburg	15278	12527	2751
Jerzy_Skolimowski	wikicat_Polish_film_directors	16880	14168	2712
Vladislav_Stoyanov	wikicat_Expatriate_footballers_in_Moldova	3016	327	2689
Toshiko_Akiyoshi	wikicat_Music_arrangers	16436	13763	2673
Beirut	wikicat_Phoenician_sites_in_Lebanon	15319	12648	2671
Rosa_Luxemburg	wikicat_Anti-poverty_advocates	9309	6644	2665
Carlos_Casartelli	wikicat_UD_Salamanca_footballers	3965	1332	2633
50_Cent	wikicat_G-Unit_Records_artists	14506	11884	2622
Francis_Ford_(actor)	wikicat_Male_actors_from_Maine	15426	12832	2594
Mark_Williams_(South_African_footballer)	wikicat_Xian_Chanba_players	5704	3111	2593
Émile_Durkheim	wikicat_Sociologists_of_religion	14887	12300	2587
John_O'Rourke_(footballer)	wikicat_Rangers_F.C._(Johannesburg)_players	7232	4648	2584
Ronald_Coase	wikicat_Business_theorists	15053	12520	2533
Jack_Cork	wikicat_People_educated_at_Glyn_School	16344	13823	2521
Red_Sea	wikicat_Biblical_places	2712	207	2505
Meryl_Streep	wikicat_American_people_of_Swiss_descent	3276	772	2504
Roger_Glover	wikicat_Heavy_metal_bass_guitarists	16370	13867	2503
Panhellenic_Socialist_Movement	wikicat_Political_parties_in_Greece	13663	11184	2479
Abu_Dhabi	wikicat_Port_cities_in_the_Arabian_Peninsula	2658	179	2479
Nicolas_Anelka	wikicat_French_expatriates_in_the_United_Kingdom	16981	14502	2479
David_Byrne	wikicat_Sire_Records_artists	15144	12667	2477
William_Golding	wikicat_People_from_Marlborough	14297	11831	2466
Matteo_Contini	wikicat_S.S._Juve_Stabia_players	13130	10686	2444
Agustín_Castillo	wikicat_Expatriate_football_managers_in_El_Salvador	16635	14216	2419
Nikita_Rukavytsya	wikicat_Ukrainian_people	3217	873	2344
Dieter_Van_Tornhout	wikicat_Belgian_expatriates_in_the_Netherlands	13689	11376	2313
INXS	wikicat_Musical_groups_from_Sydney	14883	12571	2312
Abraham	wikicat_Prophets	15480	13168	2312
Ronald_Arana	wikicat_Guabirá_players	14594	12297	2297
Tbilisi	wikicat_Regions_of_Georgia_(country)	16071	13777	2294
Migen_Memelli	wikicat_GAIS_Göteborg_players	8258	5978	2280
Julius_Akosah	wikicat_Happy_Valley_AA_footballers	14663	12387	2276
André_Santos	wikicat_Brazilian_expatriates_in_the_United_Kingdom	15357	13089	2268
Transylvania	wikicat_Former_countries_in_Europe	2874	609	2265
Rotterdam	wikicat_Port_cities_and_towns_in_the_Netherlands	15492	13229	2263
Mark_Owen	wikicat_Chadderton_F.C._players	8580	6317	2263
Delron_Buckley	wikicat_Borussia_Dortmund_II_players	2459	197	2262
Robert_Anton_Wilson	wikicat_American_occult_writers	15439	13193	2246
Elmore_Leonard	wikicat_Writers_from_New_Orleans,_Louisiana	14234	11988	2246
Lucero_(entertainer)	wikicat_Mexican_actresses	13417	11176	2241
Yuri_Morales	wikicat_Viborg_FF_players	5504	3272	2232
Pierre_Teilhard_de_Chardin	wikicat_Villanova_University_alumni	9349	7134	2215
Illés_Zsolt_Sitku	wikicat_Hungarian_expatriates_in_Turkey	14105	11893	2212
Charlotte_Eagles	wikicat_North_Carolina_soccer_teams	13719	11517	2202
Tom_Paxton	wikicat_People_from_Chicago,_Illinois	5179	2999	2180
Gyula_Lóránt	wikicat_20th-century_Hungarian_people	14193	12015	2178
University_of_Chile	wikicat_Universities_in_Santiago_Metropolitan_Region	14002	11825	2177
Daniel_Guerrero_Gómez	wikicat_UDA_Gramenet_footballers	15606	13446	2160
Adolf_Hitler	wikicat_German_painters	3098	939	2159
Tom_Pondeljak	wikicat_Melbourne_Knights_FC_players	6184	4029	2155
William_Maxwell_(footballer)	wikicat_Belgium_national_football_team_managers	15057	12909	2148
Bonn	wikicat_Former_national_capitals	2208	65	2143
Thomas_Paine	wikicat_English_inventors	3251	1114	2137
Toshiko_Akiyoshi	wikicat_American_musicians_of_Japanese_descent	16646	14513	2133
Christian_Bassila	wikicat_French_expatriates_in_Greece	16213	14081	2132
Singapore	wikicat_Populated_coastal_places	4854	2727	2127
Pascal_Zuberbühler	wikicat_Bayer_04_Leverkusen_players	2450	325	2125
Janet_Frame	wikicat_20th-century_New_Zealand_novelists	14744	12619	2125
Ronald_Arana	wikicat_Club_Destroyers_players	17079	14961	2118
Tiro_Federal	wordnet_club_108227214	2432	319	2113
John_McCain	wikicat_Jeopardy!_contestants	15447	13348	2099
Bristol	wikicat_Post_towns_in_the_BS_postcode_area	12750	10652	2098
Alain_Delon	wikicat_21st-century_Swiss_people	14198	12120	2078
Hillsborough_County,_Florida	wikicat_Counties_in_the_Tampa_Bay_Area	16968	14898	2070
University_of_Pennsylvania	wikicat_Universities_and_colleges_in_Philadelphia,_Pennsylvania	15135	13070	2065
Liv_Tyler	wikicat_Transcendental_Meditation_practitioners	3293	1234	2059
Eleftheria_Arvanitaki	wikicat_Modern_Greek-language_singers	15648	13600	2048
Milford,_Delaware	wikicat_Cities_in_Delaware	12557	10519	2038
Alex_Afonso	wikicat_FC_Alverca_players	2546	533	2013
Kalusha_Bwalya	wikicat_People_from_Mufulira	16160	14148	2012
S.S._Felice_Scandone	wikicat_Sports_clubs_established_in_1948	15322	13325	1997
Neil_Jordan	wikicat_Irish_atheists	16613	14616	1997
Rachel_Weisz	wikicat_People_of_Hungarian_descent	16900	14903	1997
Captain_Beefheart	wikicat_American_sculptors	16861	14876	1985
Levan_Maghradze	wikicat_Ermis_Aradippou_players	2132	151	1981
50_Cent	wikicat_Aftermath_Entertainment_artists	16141	14163	1978
Valberto_Amorim_dos_Santos	wikicat_Montedio_Yamagata_players	17212	15252	1960
Cyprus	wikicat_States_and_territories_established_in_1960	2468	521	1947
Florianópolis	wikicat_State_capitals_in_Brazil	2088	149	1939
John_Eccles_(neurophysiologist)	wikicat_Companions_of_the_Order_of_Australia	6144	4218	1926
Aaran_Lines	wikicat_VfL_Osnabrück_players	2395	476	1919
El_Salvador	wikicat_States_and_territories_established_in_1842	2825	918	1907
Panevėžys_County	wikicat_Subdivisions_of_Lithuania	13352	11467	1885
Saul_Kripke	wikicat_People_from_Omaha,_Nebraska	5195	3312	1883
Marie_Curie	wikicat_Women_Nobel_laureates	7259	5399	1860
Sétif_Province	wordnet_administrative_district_108491826	1899	44	1855
Jean-Luc_Godard	wikicat_French_experimental_filmmakers	16680	14845	1835
PSFC_Chernomorets_Burgas	wikicat_Sports_clubs_established_in_2005	4961	3134	1827
Red_Sea	wordnet_lake_109328904	14381	12557	1824
Queen's_University	wikicat_Educational_institutions_established_in_1841	11120	9297	1823
Ara_Hakobyan	wikicat_FC_Zimbru_Chișinău_players	15104	13285	1819
Peter_O'Donnell	wikicat_English_romantic_fiction_writers	14784	12971	1813
San_Francisco_Seals_(soccer)	wikicat_California_soccer_teams	3198	1390	1808
Scania	wikicat_Regions_of_Europe	2018	235	1783
Videoton_FC	wordnet_club_108227214	1867	95	1772
Alexandria_(Virginia)	wikicat_Populated_places_established_in_1695	12306	10539	1767
Marie_Curie	wikicat_Women_chemists	13960	12194	1766
Ernest_Gold_(composer)	wikicat_Austrian_film_score_composers	16352	14587	1765
Montgomery_Clift	wikicat_Bisexual_actors	14863	13104	1759
Fausto_Lourenço	wikicat_PFC_Lokomotiv_Mezdra_players	13611	11857	1754
Daigo_Kobayashi	wikicat_Japanese_expatriates_in_the_United_States	14008	12261	1747
Roy_Ashburn	wikicat_People_from_Long_Beach,_California	16048	14304	1744
Dietmar_Hamann	wikicat_German_expatriates_in_England	15568	13824	1744
Jack_Pelter	wikicat_Canterbury_United_players	15446	13711	1735
Tim_Berners-Lee	wikicat_Internet_pioneers	1801	66	1735
Mao_Zedong	wikicat_Communist_rulers	16362	14639	1723
Great_Turkish_War	wikicat_Russo-Turkish_Wars	15262	13544	1718
Stephen_Fry	wikicat_Rectors_of_the_University_of_Dundee	17248	15560	1688
Abdus_Salam	wikicat_Pakistani_physicists	15414	13727	1687
Prince_Philip,_Duke_of_Edinburgh	wikicat_British_people_of_German_descent	5234	3548	1686
Martin_Luther_King,_Jr.	wikicat_American_humanitarians	1801	129	1672
Midge_Ure	wikicat_Scottish_guitarists	13858	12190	1668
Nenad_Mladenović	wikicat_Changsha_Ginde_players	4595	2937	1658
Pim_Fortuyn_List	wikicat_Defunct_political_parties_in_the_Netherlands	14902	13246	1656
Vesa-Matti_Loiri	wikicat_Finnish_people	1893	275	1618
La_Paz	wikicat_Populated_places_established_in_1548	10744	9130	1614
Takayuki_Hattori	wikicat_Japanese_film_score_composers	17132	15525	1607
Russian_Civil_War	wikicat_Conflicts_in_1919	12626	11022	1604
Kotka	wikicat_Populated_places_established_in_1879	16038	14456	1582
A.F.C._Hornchurch	wikicat_Football_clubs_in_England	2810	1232	1578
VVV-Venlo	wikicat_Football_clubs_in_the_Netherlands	1649	72	1577
Queen's_University	wikicat_Nursing_schools_in_Canada	10008	8433	1575
Voltaire	wikicat_Encyclopedists	7248	5674	1574
Meryl_Streep	wikicat_Vassar_College_alumni	3115	1545	1570
SFC_Opava	wikicat_Association_football_clubs_established_in_1907	1633	69	1564
Romeo_Filipović	wikicat_NK_Karlovac_players	16721	15179	1542
NK_Bravo1_Interblock	wikicat_Association_football_clubs_established_in_1975	3205	1665	1540
James_Hetfield	wikicat_Baritones	17304	15780	1524
Aldous_Huxley	wikicat_Writers_from_Los_Angeles,_California	3759	2246	1513
Cabeça_do_Cachorro	wikicat_Regions_of_South_America	11648	10135	1513
Barak_Badash	wikicat_Football_players_from_Netanya	14642	13135	1507
J._R._Reid	wikicat_Olympic_bronze_medalists_for_the_United_States	15778	14272	1506
Alfred_Tarski	wikicat_Computability_theorists	17202	15704	1498
Maggie_Gyllenhaal	wikicat_American_anti–Iraq_War_activists	2723	1237	1486
Rhode_Island	wikicat_States_and_territories_established_in_1663	8595	7110	1485
Rudolf_Peierls	wikicat_Materials_scientists_and_engineers	1781	303	1478
Maria_Bello	wikicat_Lesbian_actresses	15363	13895	1468
Tacloban	wikicat_Cities_in_the_Philippines	13844	12380	1464
Ronald_Coase	wikicat_People_from_Brent_(London_borough)	16769	15315	1454
Piermario_Morosini	wikicat_People_from_Bergamo	17349	15902	1447
Aaran_Lines	wikicat_Rochester_Rhinos_players	2270	825	1445
Radomir_Đalović	wikicat_Montenegrin_expatriates_in_Germany	14266	12824	1442
The_Bronx	wikicat_Populated_places_established_in_1639	1659	228	1431
PBC_Lokomotiv-Kuban	wikicat_Sports_clubs_established_in_1946	1545	123	1422
Jun_Senoue	wikicat_People_from_Miyagi_Prefecture	1534	114	1420
Jack_Reynolds_(footballer_born_1881)	wikicat_Netherlands_national_football_team_managers	12733	11313	1420
Michel_de_Montaigne	wikicat_French_abolitionists	2093	674	1419
Lyndon_B._Johnson	wikicat_American_gun_control_advocates	15161	13745	1416
Craig_Armstrong_(footballer)	wikicat_Eastwood_Town_F.C._players	2028	617	1411
Carmine_Coppola_(footballer)	wikicat_Taranto_F.C._1927_players	15300	13912	1388
Four_Tet	wikicat_Ableton_Live_users	15145	13762	1383
Narbonne	wikicat_Communes_of_Aude	15369	14001	1368
Charles_Scott_Sherrington	wikicat_19th-century_physicians	3645	2281	1364
Carl_Friedrich_Gauss	wikicat_Statisticians	2463	1107	1356
Gosford_Park	wikicat_British_crime_films	15677	14322	1355
Disney–ABC_Television_Group	wikicat_Walt_Disney_Company_subsidiaries	14294	12941	1353
Kota_Bharu	wordnet_administrative_district_108491826	1734	382	1352
Roscoe_Arbuckle	wikicat_Male_actors_from_Kansas	16791	15442	1349
Frank_Arnesen	wikicat_Association_football_executives	3190	1847	1343
Columbia_Law_School	wikicat_Educational_institutions_established_in_1858	1930	593	1337
Reggie_Davani	wikicat_Expatriate_soccer_players_in_Australia	1397	62	1335
FK_Banat_Zrenjanin	wikicat_Football_clubs_in_Vojvodina	11830	10502	1328
Liberal_Democrats	wikicat_Liberal_parties_in_the_United_Kingdom	12205	10885	1320
Karl_Marx	wikicat_Sociologists	2814	1501	1313
FIFA_World_Player_of_the_Year	wikicat_Awards_established_in_2001	16766	15454	1312
Andreas_Glyniadakis	wikicat_New_Mexico_Thunderbirds_players	15745	14443	1302
Pierce_Brosnan	wikicat_Irish_television_actors	16092	14813	1279
Ville_Väisänen	wikicat_Bryne_FK_players	14253	12988	1265
Southport,_Queensland	wikicat_Coastal_towns_in_Queensland	15940	14677	1263
New_Ireland_Province	wikicat_Islands_of_Papua_New_Guinea	13958	12712	1246
San_Jose_Earthquakes_(1974–88)	wikicat_Western_Soccer_Alliance_teams	13602	12358	1244
Buckethead	wikicat_American_bluegrass_guitarists	15704	14467	1237
Nelson_Mandela	wikicat_South_African_humanitarians	14638	13415	1223
Joel_Soto	wikicat_Deportes_Concepción_footballers	2407	1200	1207
Atlético_Celaya	wikicat_Football_clubs_in_Celaya	13458	12258	1200
Carlos_Navarro_Montoya	wikicat_Colombian_football_managers	15455	14258	1197
Alex_Nyarko	wikicat_Footballers_at_the_1992_Summer_Olympics	1398	205	1193
Ryan_Mack	wikicat_Syracuse_Salty_Dogs_players	12851	11661	1190
Kigali	wikicat_Populated_places_established_in_1907	4532	3356	1176
Amherst_College	wikicat_Educational_institutions_established_in_1821	1602	426	1176
Marques_Houston	wikicat_American_people_of_Mexican_descent	4140	2973	1167
Vince_Clarke	wikicat_People_from_Redbridge_(London_borough)	2469	1311	1158
Ebrahim_Taghipour	wikicat_Esteghlal_F.C._players	2430	1291	1139
Wellington_da_Silva_Serezuella	wikicat_Associação_Ferroviária_de_Esportes_players	1270	132	1138
Sylvia_Plath	wikicat_Writers_from_Boston,_Massachusetts	4526	3393	1133
Gurban_Gurbanov	wikicat_Azerbaijani_football_managers	15619	14489	1130
Jonathan_Téhoué	wikicat_UJA_Alfortville_players	14321	13219	1102
G._K._Chesterton	wikicat_Alumni_of_University_College_London	1517	418	1099
Winston_Churchill	wikicat_Secretaries_of_State_for_the_Home_Department	14507	13415	1092
Millonarios_Fútbol_Club	wikicat_Categoría_Primera_A_clubs	1278	187	1091
Jean-Paul_Sartre	wikicat_Autobiographers	2043	956	1087
Asrani	wikicat_Sindhi_people	15060	13981	1079
Siyabonga_Nomvethe	wikicat_People_from_Durban	1417	343	1074
Linlithgow_Rose_F.C.	wikicat_Association_football_clubs_established_in_1889	1148	76	1072
Nicolae_Iorga	wikicat_Poets	13529	12471	1058
Paul_Simon	wikicat_American_acoustic_guitarists	15981	14936	1045
Zé_Ramalho	wikicat_Brazilian_guitarists	15246	14203	1043
Bernard_Cornwell	wikicat_Alumni_of_the_University_of_London	11575	10538	1037
Robin_Cook_(American_novelist)	wikicat_20th-century_physicians	3648	2614	1034
Diagoras_F.C.	wikicat_Association_football_clubs_established_in_1905	1483	449	1034
Milovan_Milović	wikicat_Albanian_Superliga_players	16096	15070	1026
Andrzej_Bledzewski	wikicat_Miedź_Legnica_players	13271	12246	1025
Miranda_Cooper	wikicat_British_female_singers	1973	954	1019
Julio_Cortázar	wikicat_Argentine_expatriates_in_France	16767	15758	1009
Virginia_Beach,_Virginia	wikicat_Populated_coastal_places_in_Virginia	13134	12126	1008
Baraboo,_Wisconsin	wikicat_Micropolitan_areas_of_Wisconsin	10505	9499	1006
T._S._Eliot	wikicat_Wesleyan_University_people	1118	112	1006
Godsmack	wikicat_Musical_groups_established_in_1996	1069	66	1003
Michael_Thwaite	wikicat_Australian_expatriates_in_Romania	1454	453	1001
Santa_Cruz_County,_Arizona	wikicat_Arizona_counties	14955	13959	996
Michael_Hughes_(footballer)	wikicat_People_from_Larne	15202	14206	996
Le_Havre_AC	wikicat_Football_clubs_in_France	1025	41	984
Steve_Croudson	wikicat_Rhyl_F.C._players	1333	355	978
Yago_Alonso-Fueyo_Sako	wikicat_Equatoguinean_expatriate_footballers	13771	12819	952
Stephenie_Meyer	wikicat_Women_film_producers	13768	12819	949
G._K._Chesterton	wikicat_Alumni_of_the_Slade_School_of_Art	11108	10177	931
FK_Radnik_Bijeljina	wikicat_Football_clubs_in_Republika_Srpska	15612	14683	929
British_Columbia	wikicat_States_and_territories_established_in_1871	8310	7384	926
Bakhtiyor_Ashurmatov	wikicat_FC_Bunyodkor_players	3865	2942	923
Mário_Soares	wikicat_Portuguese_Communist_Party_politicians	2440	1535	905
John_Henry_Newman	wikicat_Beatified_people	11308	10407	901
Mitch_Hedberg	wikicat_American_people_of_Swedish_descent	1956	1055	901
Korean_War	wikicat_Wars_involving_Turkey	10866	9965	901
Robin_Cook_(American_novelist)	wikicat_American_physicians	1284	387	897
George_Dantzig	wikicat_American_computer_scientists	925	31	894
Viborg_HK	wordnet_club_108227214	1589	697	892
Dorinel_Munteanu	wikicat_FC_Argeș_Pitești_managers	16253	15368	885
Rabiola	wikicat_C.D._Feirense_players	1996	1125	871
Alice_Munro	wikicat_Writers_from_Ontario	1628	758	870
Nelson_Mandela	wikicat_Marxist_writers	1009	145	864
Richard_Rorty	wikicat_American_political_philosophers	1912	1048	864
Tisch_School_of_the_Arts	wikicat_Educational_institutions_established_in_1965	1065	207	858
Niagara_Falls,_Ontario	wikicat_Canadian_border_cities	15160	14305	855
Armin_Veh	wikicat_German_expatriates_in_Switzerland	15805	14952	853
Andy_Williams_(Jamaican_footballer)	wikicat_1998_FIFA_World_Cup_players	1076	229	847
Carlos_Navarro_Montoya	wikicat_Colombian_expatriates_in_Chile	13832	12989	843
Elmore_Leonard	wikicat_Writers_from_Detroit,_Michigan	1639	798	841
New_Orleans	wikicat_Port_cities	1013	172	841
Anagennisi_Karditsa_F.C.	wikicat_Football_clubs_in_Thessaly	15167	14329	838
Senthil_(actor)	wikicat_All_India_Anna_Dravida_Munnetra_Kazhagam_politicians	14687	13849	838
Cat_Power	wikicat_American_pianists	1531	696	835
Sylvia_Plath	wikicat_American_diarists	12465	11633	832
Stephen_Fry	wikicat_Jewish_humanists	3661	2834	827
Dario_Dabac	wikicat_Expatriate_footballers_in_Kuwait	1401	582	819
FC_Volochanin-Ratmir_Vyshny_Volochyok	wikicat_Association_football_clubs_established_in_1989	1082	263	819
Namco	wikicat_Companies_established_in_1955	14073	13254	819
Daniel_Majstorović	wikicat_SC_Fortuna_Köln_players	1258	441	817
Ludwig_Boltzmann	wikicat_Scientists_who_committed_suicide	15758	14958	800
Olivia_Newton-John	wikicat_British_television_actresses	3120	2325	795
Aurelio_Vidmar	wikicat_1997_FIFA_Confederations_Cup_players	1621	826	795
James_Watson	wikicat_Nobel_laureates_in_Physiology_or_Medicine	1300	507	793
Jeonnam_Dragons	wikicat_K_League_clubs	1186	394	792
Jamil_Fearrington	wordnet_artist_109812338	1509	717	792
Australian_Capital_Territory	wikicat_Capital_districts_and_territories	1106	317	789
Joseph_Schumpeter	wikicat_Harvard_University_people	2161	1381	780
Murat_Ocak	wikicat_Karşıyaka_S.K._footballers	1006	229	777
Bartosz_Tarachulski	wikicat_Dunfermline_Athletic_F.C._players	1096	329	767
Gary_Forrester	wikicat_People_from_Wellington_City	1192	425	767
Jeonnam_Dragons	wikicat_K_League_Classic_clubs	814	52	762
Gerry_Francis	wikicat_Tottenham_Hotspur_F.C._managers	15977	15224	753
Liam_Neeson	wikicat_Irish_television_actors	15378	14635	743
Oscar_Hammerstein_II	wikicat_American_musical_theatre_librettists	15917	15176	741
Rachel_Weisz	wikicat_English_people_of_Hungarian-Jewish_descent	1190	455	735
Alianza_F.C.	wikicat_Football_clubs_in_El_Salvador	889	162	727
Fukuyama,_Hiroshima	wikicat_Populated_places_established_in_1619	14317	13597	720
Sigmund_Freud	wikicat_Medical_writers	1361	655	706
Abdel_Sattar_Sabry	wikicat_People_from_Cairo	15466	14761	705
Orange_County_(Florida)	wordnet_county_108546183	696	1	695
Jacques_Chirac	wikicat_Lycée_Carnot_alumni	16269	15575	694
Burhan_Eşer	wikicat_Gaziantep_B.B._footballers	15743	15059	684
Dynamo_Dresden	wikicat_Association_football_clubs_established_in_1953	894	233	661
Susan_Sontag	wikicat_Photography_critics	16394	15739	655
Leandro_Bernardi_Silva	wikicat_Adap_Galo_Maringá_Football_Club_players	975	342	633
F.C._Arouca	wikicat_Football_clubs_in_Portugal	641	8	633
Aaran_Lines	wikicat_SV_Werder_Bremen_II_players	1722	1093	629
Vladan_Milovanović	wikicat_SC_Austria_Lustenau_players	828	201	627
Le_Havre_A.C.	wordnet_club_108227214	657	38	619
Wellington_Saints	wordnet_club_108227214	897	288	609
Mirko_Plantić	wikicat_NK_Međimurje_players	13425	12821	604
Anchorage,_Alaska	wikicat_Alaska_boroughs	679	75	604
Osamu_Tezuka	wikicat_Science_fiction_fans	7529	6938	591
Keijo_Huusko	wikicat_Tromsø_IL_players	1132	542	590
Leandro_Lourenço_Franco	wikicat_Sport_Boys_footballers	669	80	589
Éder_Aleixo_de_Assis	wikicat_1983_Copa_América_players	1085	504	581
Ioan_Sabău	wikicat_Romanian_expatriates_in_the_Netherlands	954	379	575
Portland,_Oregon	wikicat_Populated_places_on_the_Columbia_River	650	77	573
Kamil_Čontofalský	wikicat_Footballers_at_the_2000_Summer_Olympics	993	425	568
Queen_Beatrix_International_Airport	wikicat_Airports_in_the_Netherlands	16008	15446	562
G._K._Chesterton	wikicat_British_World_War_I_poets	15651	15089	562
Amman_Civil_Airport	wikicat_Airports_in_Jordan	14511	13953	558
Alex_Bruce_(footballer,_born_1984)	wikicat_People_from_Norwich	713	161	552
Legazpi,_Albay	wikicat_Cities_in_the_Philippines	11070	10519	551
Sander_Westerveld	wikicat_Real_Sociedad_footballers	963	414	549
C._S._Lewis	wikicat_Fantasy_writers	676	137	539
Mario_Puzo	wikicat_American_people_of_World_War_II	762	227	535
Charlie_Chaplin	wikicat_Slapstick_comedians	15822	15293	529
Mike_Ambersley	wikicat_Minnesota_United_FC_players	1158	641	517
Donald_Davidson_(philosopher)	wikicat_Action_theorists	1578	1070	508
University_of_Strasbourg	wikicat_Educational_institutions_established_in_2009	13084	12578	506
Subrahmanyan_Chandrasekhar	wikicat_American_astronomers	948	444	504
Mike_Ambersley	wikicat_North_American_Soccer_League_players	854	350	504
Yuriy_Moroz	wikicat_Maccabi_Jaffa_F.C._players	10699	10198	501
Flannery_O'Connor	wikicat_Women_writers	1144	648	496
Rabat	wordnet_site_108651247	768	273	495
Darren_Mansaram	wikicat_Armthorpe_Welfare_F.C._players	765	271	494
Gmina_Szelków	wordnet_administrative_district_108491826	538	47	491
Bradley_Thomas_(footballer)	wikicat_Concord_Rangers_F.C._players	14802	14312	490
Dário_Monteiro	wikicat_Expatriate_footballers_in_Brazil	628	142	486
Rotherham_United_F.C.	wikicat_Association_football_clubs_established_in_1925	1339	855	484
City_of_Canada_Bay	wikicat_Local_government_areas_in_Sydney	15016	14534	482
Philip_Pullman	wikicat_Guardian_Children's_Fiction_Prize_winners	643	162	481
George_Papandreou	wikicat_Greek_politicians	16344	15866	478
Michael_Nyman	wikicat_Virgin_Records_artists	594	116	478
Jürgen_Moser	wikicat_People_from_Königsberg	598	121	477
Mia_Farrow	wikicat_Transcendental_Meditation_practitioners	1694	1232	462
Robert_Montgomery_(actor)	wikicat_Presidents_of_the_Screen_Actors_Guild	1473	1012	461
Atlético_Nacional	wikicat_Association_football_clubs_established_in_1947	643	185	458
Kilmarnock_F.C.	wikicat_Defunct_Scottish_rugby_union_clubs	15423	14966	457
Thomas_Bernhard	wikicat_People_from_Heerlen	15619	15162	457
Ronald_Arana	wikicat_1999_FIFA_Confederations_Cup_players	1208	752	456
Kossi_Agassa	wikicat_Hércules_CF_footballers	729	278	451
Calgary_Boomers	wikicat_Defunct_association_football_clubs	578	130	448
Luxembourg	wikicat_States_and_territories_established_in_1815	797	351	446
Gene_Kelly	wikicat_American_choreographers	681	235	446
CE_Sabadell_FC	wikicat_Association_football_clubs_established_in_1903	817	372	445
A.F.C._Hornchurch	wikicat_Football_clubs_in_London	839	395	444
Odense_Boldklub	wikicat_Badminton_clubs	779	339	440
Nicolas_Anelka	wikicat_Converts_to_Islam_from_Christianity	16803	16370	433
Foeke_Booy	wikicat_PEC_Zwolle_players	1028	597	431
County_Londonderry	wordnet_administrative_district_108491826	1258	833	425
Alphonse_Tchami	wikicat_Boca_Juniors_footballers	688	264	424
Sewickley,_Pennsylvania	wikicat_Pennsylvania_populated_places_on_the_Ohio_River	11183	10760	423
Carmen_Electra	wikicat_Participants_in_American_reality_television_series	650	227	423
Gimnástica_de_Torrelavega	wikicat_Association_football_clubs_established_in_1907	464	43	421
MFK_Ružomberok	wikicat_Association_football_clubs_established_in_1906	453	34	419
Anthony_Eden	wikicat_British_Secretaries_of_State_for_Foreign_and_Commonwealth_Affairs	13693	13276	417
North_Holland	wikicat_Peninsulas_of_Europe	523	108	415
Iberian_Peninsula	wikicat_Regions_of_Europe	428	21	407
Yale_School_of_Drama	wikicat_Drama_schools_in_the_United_States	432	27	405
Subrahmanyan_Chandrasekhar	wikicat_20th-century_astronomers	806	402	404
Steven_Caldwell	wikicat_Toronto_FC_players	550	148	402
C.R._Vasco_da_Gama	wikicat_Association_football_clubs_established_in_1898	454	53	401
Damián_Manso	wikicat_Monarcas_Morelia_footballers	406	5	401
Battle_of_Leipzig	wikicat_Conflicts_in_1813	465	67	398
Václav_Klaus	wikicat_Living_people	418	24	394
Michael_Black_(footballer)	wikicat_Boreham_Wood_F.C._players	470	78	392
Pedro_Oliveira_(footballer)	wikicat_Portuguese_expatriates_in_Italy	702	313	389
Janet_Frame	wikicat_New_Zealand_people_of_Scottish_descent	1793	1405	388
Anton_Chekhov	wikicat_Russian_short_story_writers	15273	14885	388
Aleksandre_Kobakhidze	wikicat_Association_football_wingers	908	522	386
Roy_Orbison	wikicat_Songwriters_from_Texas	1282	898	384
Lee_Chapman	wikicat_Chamois_Niortais_F.C._players	15581	15197	384
Unión_Española	wordnet_club_108227214	384	1	383
Costa-Gavras	wikicat_French_film_directors	477	97	380
Tony_Bennett	wikicat_American_jazz_musicians	1433	1055	378
Kafoumba_Coulibaly	wikicat_Chonburi_F.C._players	738	360	378
Jim_Rodwell	wikicat_Sabah_FA_players	538	164	374
Daniel_Guerrero_Gómez	wikicat_UE_Figueres_footballers	16216	15845	371
Dave_Mitchell_(footballer)	wikicat_Altay_S.K._footballers	4523	4152	371
Carlos_Pavón	wikicat_Udinese_Calcio_players	538	174	364
Reykjavík	wikicat_Port_cities	381	17	364
New_York_metropolitan_area	wikicat_Metropolitan_areas_of_Pennsylvania	15141	14778	363
Marconi_Stallions_FC	wikicat_Association_football_clubs_established_in_1972	845	484	361
Lee_Hyung-sang	wikicat_Daejeon_Citizen_FC_players	15015	14654	361
Mario_Cáceres	wikicat_Lobos_de_la_BUAP_footballers	14887	14528	359
Philadelphia	wikicat_Populated_places_established_in_1682	14330	13974	356
Tunis	wikicat_Capitals	404	49	355
Lukáš_Zelenka	wikicat_Manisaspor_footballers	429	77	352
Jack_Cork	wikicat_Footballers_at_the_2012_Summer_Olympics	3166	2821	345
William_Thomson,_1st_Baron_Kelvin	wikicat_19th-century_physicists	438	97	341
Kid_Rock	wikicat_21st-century_American_musicians	466	128	338
Alfred_North_Whitehead	wikicat_Presidents_of_the_Aristotelian_Society	531	195	336
Joseph-Désiré_Job	wikicat_K._Lierse_S.K._players	526	190	336
Richard_Edghill	wikicat_Footballers_from_Oldham	525	195	330
SC_Heerenveen	wordnet_club_108227214	331	2	329
Preston_North_End_F.C.	wikicat_Publicly_traded_sports_companies	349	20	329
Jarosław	wikicat_Cities_and_towns_in_Podkarpackie_Voivodeship	13932	13606	326
Lenin_Prize	wikicat_Literary_awards	439	115	324
Legazpi,_Albay	wikicat_Cities_in_Luzon	7430	7107	323
George_Papandreou	wikicat_Government_ministers_of_Greece	16882	16564	318
Club_Atlético_de_Madrid	wikicat_Association_football_clubs_established_in_1903	1232	915	317
Torquay_United_F.C.	wikicat_Association_football_clubs_established_in_1899	333	17	316
George_Best	wikicat_Miami_FC_players	675	359	316
Bolton_Wanderers_F.C.	wikicat_Association_football_clubs_established_in_1874	359	48	311
Celtic_Nation_F.C.	wikicat_Association_football_clubs_established_in_2005	462	155	307
Aldo_Adorno	wikicat_Naturalised_citizens_of_Spain	1145	839	306
Herfølge_Boldklub	wikicat_Football_clubs_in_Denmark	308	2	306
IEEE_Edison_Medal	wikicat_Engineering_awards	369	68	301
Jeff_Minton	wikicat_Welling_United_F.C._players	420	120	300
Charles_K._Kao	wikicat_British_emigrants_to_the_United_States	1469	1169	300
Little_Rock,_Arkansas	wikicat_Cities_in_Pulaski_County,_Arkansas	13197	12908	289
Nobel_Prize_in_Literature	wikicat_Swedish_awards	301	12	289
Jair_Baylón	wikicat_Expatriate_footballers_in_Uruguay	298	10	288
Eddie_Basden	wikicat_Chicago_Bulls_players	667	379	288
MFC_Kremin_Kremenchuk	wikicat_Association_football_clubs_established_in_1959	305	24	281
Hertha_BSC	wikicat_Association_football_clubs_established_in_1892	428	148	280
Williams_Martínez	wikicat_West_Bromwich_Albion_F.C._players	625	350	275
Bob_Hope	wikicat_American_dancers	347	76	271
Fort_Lauderdale_Strikers	wikicat_Soccer_clubs_in_Miami,_Florida	13477	13209	268
Mylène_Farmer	wikicat_Francophone_Quebec_people	15331	15066	265
Piarco_International_Airport	wikicat_Airfields_of_the_United_States_Army_Air_Forces	292	28	264
Richmond_Boakye	wikicat_Elche_CF_players	464	200	264
Southeast_Asia	wikicat_Regions_of_Asia	294	34	260
Kathleen_Wynne	wikicat_People_from_Ontario	821	564	257
County_Tipperary	wordnet_administrative_district_108491826	305	49	256
L.D._Alajuelense	wikicat_Association_football_clubs_established_in_1919	303	47	256
Christian_Alder	wikicat_VfR_Aalen_players	362	106	256
Mustafa_Kemal_Atatürk	wikicat_Inventors_of_writing_systems	14093	13839	254
Alexander_Haig	wikicat_American_corporate_directors	792	540	252
Rosa_Luxemburg	wikicat_20th-century_women	307	56	251
Ikechi_Anya	wikicat_Watford_F.C._players	299	49	250
Gheorghe_Hagi	wikicat_Real_Madrid_C.F._players	517	268	249
Suwon	wordnet_administrative_district_108491826	395	147	248
Sékou_Berthé	wikicat_Persepolis_F.C._players	903	656	247
GLAAD_Media_Award	wikicat_Spanish_awards	666	422	244
Martin_Lejsal	wikicat_SC_Heerenveen_players	1080	837	243
Douglas_Engelbart	wikicat_People_from_Portland,_Oregon	358	115	243
New_Delhi	wikicat_Capitals_in_Asia	279	43	236
Dick_Van_Dyke	wikicat_Musicians_from_Illinois	17301	17068	233
Grêmio_Foot-Ball_Porto_Alegrense	wikicat_Association_football_clubs_established_in_1903	535	302	233
José_Augusto_Freitas_Sousa	wikicat_Bangu_Atlético_Clube_players	261	28	233
Toronto	wikicat_Populated_coastal_places	561	330	231
Dave_Mitchell_(footballer)	wikicat_NEC_Nijmegen_players	665	436	229
Gary_Barlow	wikicat_People_from_Cheshire	16433	16204	229
Université_libre_de_Bruxelles	wikicat_Educational_institutions_established_in_1834	13965	13739	226
Confederation_of_the_Rhine	wordnet_country_108544813	227	2	225
Australian_Capital_Territory	wordnet_administrative_district_108491826	243	18	225
Cienciano	wordnet_club_108227214	224	2	222
Pasadena,_California	wikicat_Populated_places_established_in_1874	297	78	219
Martin_Luther_King,_Jr.	wikicat_International_opponents_of_apartheid_in_South_Africa	285	67	218
Darren_Mansaram	wikicat_Worksop_Town_F.C._players	309	93	216
Le_Havre_AC	wordnet_club_108227214	404	192	212
Stéphane_Zubar	wikicat_French_footballers	362	151	211
Peter_Sarsgaard	wikicat_People_from_St._Clair_County,_Illinois	388	181	207
Portsmouth_F.C.	wikicat_Association_football_clubs_established_in_1898	437	233	204
Gabri_García	wikicat_Olympic_silver_medalists_for_Spain	445	242	203
Tazewell_County,_Virginia	wikicat_Virginia_counties	277	74	203
Ladislas_Douniama	wikicat_US_Orléans_players	443	240	203
Ronald_Reagan	wikicat_Actors_from_California	315	113	202
Talia_Shire	wikicat_Actresses_from_New_York	315	114	201
Clube_Atlético_Juventus	wordnet_club_108227214	205	5	200
Formartine_United_F.C.	wikicat_Association_football_clubs_established_in_1946	680	481	199
Janet_Frame	wikicat_New_Zealand_short_story_writers	267	69	198
Nazir_Kazharov	wikicat_FC_Volgar_Astrakhan_players	245	50	195
Cameroon_national_football_team	wordnet_football_team_108080025	286	94	192
Ikechi_Anya	wikicat_Northampton_Town_F.C._players	361	170	191
Leandro_Lourenço_Franco	wikicat_Atromitos_F.C._players	440	250	190
Matteo_Momentè	wikicat_S.S._Sambenedettese_Calcio_players	308	119	189
Lisa_De_Vanna	wikicat_Expatriate_footballers_in_Sweden	241	55	186
Itay_Shechter	wikicat_1._FC_Kaiserslautern_players	327	141	186
Étoile_Carouge_FC	wikicat_Football_clubs_in_Switzerland	227	42	185
Rod_Brown	wikicat_American_expatriate_basketball_people_in_Switzerland	319	134	185
Alaska	wikicat_States_and_territories_established_in_1959	197	14	183
Ludwig_Wittgenstein	wikicat_Austrian_agnostics	274	92	182
Frank_Fahrenhorst	wikicat_People_from_North_Rhine-Westphalia	746	566	180
Collins_John	wikicat_Pittsburgh_Riverhounds_players	347	168	179
Andrea_Cocco	wikicat_A.C._Pistoiese_players	329	150	179
Viggo_Mortensen	wikicat_American_painters	672	494	178
Maurice_Ross	wikicat_Viking_FK_players	490	314	176
Mauro_Sérgio_Viriato_Mendes	wikicat_Grêmio_Barueri_Futebol_players	298	123	175
Suat_Usta	wikicat_Antalyaspor_footballers	235	60	175
Santiago_Raymonda	wikicat_Quilmes_footballers	336	164	172
David_Lynch	wikicat_American_music_video_directors	268	97	171
Alan_Ladd	wikicat_Actors_who_committed_suicide	2639	2469	170
Thom_Yorke	wikicat_People_educated_at_Abingdon_School	14197	14027	170
Nemanja_Pejčinović	wikicat_FC_Lokomotiv_Moscow_players	315	146	169
Tony_Bennett	wikicat_21st-century_American_painters	1130	961	169
Nobel_Memorial_Prize_in_Economic_Sciences	wordnet_award_106696483	206	37	169
Marcus_Miller	wikicat_American_jazz_guitarists	284	115	169
Louis_XV_of_France	wikicat_People_from_Paris	220	52	168
Guilherme_de_Cássio_Alves	wikicat_Rayo_Vallecano_footballers	475	309	166
Mali_national_football_team	wordnet_football_team_108080025	179	13	166
Sydney_Brenner	wikicat_Biologists	184	19	165
Jefthon	wikicat_FC_Rubin_Kazan_players	456	291	165
Ivor_Novello_Awards	wordnet_award_106696483	186	22	164
Bradley_Thomas_(footballer)	wikicat_Weymouth_F.C._players	167	5	162
Regional_Municipality_of_Peel	wordnet_administrative_district_108491826	166	5	161
Aleutians_East_Borough,_Alaska	wordnet_county_108546183	166	5	161
Jersey_City,_New_Jersey	wikicat_Populated_places_on_the_Underground_Railroad	206	46	160
George_Orwell	wikicat_English_political_writers	334	175	159
Ivory_Coast_national_football_team	wordnet_football_team_108080025	208	49	159
Robin_Cook_(American_novelist)	wikicat_20th-century_writers	315	158	157
Rimas_Kurtinaitis	wikicat_Basketball_players_at_the_1988_Summer_Olympics	738	581	157
Blace	wordnet_administrative_district_108491826	185	30	155
Charles_Durning	wikicat_American_people_of_World_War_II	235	81	154
Jordi_Gómez	wikicat_Sunderland_A.F.C._players	201	47	154
Dorin_Goian	wikicat_U.S._Città_di_Palermo_players	278	124	154
William_Thomson,_1st_Baron_Kelvin	wikicat_British_scientists	202	49	153
Gustavo_Biscayzacú	wikicat_Real_Jaén_footballers	2100	1947	153
Inter_Baku_PIK	wikicat_Association_football_clubs_established_in_1997	171	18	153
Modeste_M'bami	wikicat_Footballers_at_the_2000_Summer_Olympics	298	146	152
John_Fraser_(footballer_born_1876)	wikicat_Motherwell_F.C._players	286	135	151
Lulu_(singer)	wikicat_Mercury_Records_artists	485	334	151
Stephen_Dorff	wikicat_American_people_of_Jewish_descent	287	137	150
Gustavo_Napoles	wikicat_Tigres_UANL_footballers	321	171	150
Romy_Schneider	wikicat_Actresses_from_Vienna	15336	15186	150
Poul_Anderson	wikicat_American_people_of_Danish_descent	1118	968	150
Émile_Mpenza	wikicat_1998_FIFA_World_Cup_players	186	37	149
Woodrow_Wilson	wikicat_People_from_Staunton,_Virginia	16615	16466	149
Julio_César_Uribe	wikicat_1987_Copa_América_players	189	41	148
Alfred_North_Whitehead	wikicat_Academics_of_Imperial_College_London	192	45	147
Paul_Krugman	wikicat_American_non-fiction_writers	253	107	146
Fisher_Athletic_F.C.	wikicat_Association_football_clubs_established_in_1908	259	113	146
Le_streghe	wikicat_Comedy-drama_films	169	24	145
Jimmy_Carter	wikicat_Sons_of_the_American_Revolution	276	131	145
Yago_Alonso-Fueyo_Sako	wikicat_People_from_Abidjan	175	31	144
Oleksiy_Horodov	wikicat_FC_Spartak_Ivano-Frankivsk_players	328	184	144
Gustavo_Biscayzacú	wikicat_National_Soccer_League_(Australia)_players	185	42	143
Jeff_Minton	wikicat_Chelmsford_City_F.C._players	263	120	143
André_Luiz_Moreira	wikicat_CD_Tenerife_players	343	201	142
Jørgen_Kristensen	wikicat_Calgary_Boomers_players	196	55	141
Alexander_Herzen	wikicat_Opinion_journalists	686	546	140
Bob_Hope	wikicat_British_humorists	172	32	140
Viggo_Mortensen	wikicat_Canadian_emigrants_to_the_United_States	196	57	139
Joseph-Désiré_Job	wikicat_Diyarbakırspor_footballers	229	91	138
Friedrich_Hayek	wikicat_People_associated_with_the_London_School_of_Economics	184	47	137
Nicolás_Diez	wikicat_Argentina_youth_international_footballers	291	155	136
Racing_de_Ferrol	wikicat_Football_clubs_in_Spain	192	56	136
Rosa_Luxemburg	wikicat_Feminists	539	403	136
Aria_(film)	wikicat_German-language_films	291	155	136
Dave_Norton	wikicat_Notts_County_F.C._players	139	4	135
J._R._Reid	wikicat_Baloncesto_León_players	335	201	134
CFR_Cluj	wikicat_Association_football_clubs_established_in_1907	193	60	133
Archie_Thompson	wikicat_K._Lierse_S.K._players	377	244	133
Settling_Accounts	wordnet_conflict_100958896	133	2	131
Order_of_the_Nile	wikicat_Civil_awards_and_decorations	205	75	130
Devon	wikicat_Non-metropolitan_counties	207	77	130
James_Wesolowski	wikicat_Peterborough_United_F.C._players	696	567	129
George_R._R._Martin	wikicat_American_bloggers	298	169	129
Nozomi_Hiroyama	wikicat_Japanese_expatriates_in_France	214	86	128
Hameur_Bouazza	wikicat_Fulham_F.C._players	162	35	127
James_Robertson_Justice	wikicat_British_journalists	456	329	127
NK_Neretva	wikicat_Football_clubs_in_Croatia	132	5	127
Keeneland	wordnet_racetrack_104037625	129	3	126
Armageddon_(1998_film)	wikicat_American_science_fiction_action_films	215	91	124
Atlético_Clube_Goianiense	wikicat_Association_football_clubs_established_in_1937	183	59	124
Glen_Moss	wikicat_Liga_I_players	387	263	124
Micky_Adams	wikicat_Leicester_City_F.C._managers	668	546	122
Boxer_Rebellion	wordnet_conflict_100958896	121	1	120
Alexandre_Faioli	wikicat_Brazilian_expatriates_in_Portugal	368	248	120
Ronald_Coase	wikicat_English_Nobel_laureates	169	49	120
Santiago_Salcedo	wikicat_Club_Atlético_Lanús_footballers	322	202	120
Eleftheria_Arvanitaki	wikicat_Singers	138	19	119
Thomas_Jefferson	wikicat_American_farmers	340	221	119
Iván_Guerrero	wikicat_North_American_Soccer_League_players	207	90	117
Arne_Friedrich	wikicat_Germany_B_international_footballers	150	34	116
Carlos_Casartelli	wikicat_Indios_de_Ciudad_Juárez_footballers	214	98	116
Dnipropetrovsk	wikicat_Populated_places_established_in_1776	2041	1926	115
Maggie_Gyllenhaal	wikicat_American_people_of_Swedish_descent	3359	3244	115
Sterling_Hayden	wikicat_People_from_Marin_County,_California	1413	1298	115
Neil_Wood	wikicat_Expatriate_footballers_in_Bosnia_and_Herzegovina	233	119	114
Comoros	wikicat_Archipelagoes_of_the_Indian_Ocean	172	59	113
Emsland	wordnet_district_108552138	133	20	113
Ioan_Sabău	wikicat_CFM_U_Cluj_managers	195	83	112
Olubayo_Adefemi	wikicat_Skoda_Xanthi_F.C._players	454	342	112
James_Watson	wikicat_Phage_workers	177	67	110
Oscar_Dertycia	wikicat_Talleres_footballers	117	7	110
Rainer_Maria_Rilke	wikicat_Sonneteers	506	396	110
Midge_Ure	wikicat_English_record_producers	201	92	109
Gustavo_Biscayzacú	wikicat_Tiburones_Rojos_de_Veracruz_footballers	282	175	107
Punjab_region	wikicat_Empires_and_kingdoms_of_India	128	21	107
Miami_University	wikicat_Universities_and_colleges_in_Ohio	127	21	106
Danny_Graham_(footballer)	wikicat_Darlington_F.C._players	176	70	106
Stuart_Fleetwood	wikicat_Eastleigh_F.C._players	258	152	106
Félix_Ricardo_Torres	wikicat_1987_Copa_América_players	234	129	105
Lithuania	wikicat_States_and_territories_established_in_1990	179	74	105
Woodrow_Wilson	wikicat_State_governors_of_the_United_States	258	154	104
Andrey_Movsisyan	wikicat_FC_Lokomotiv_Nizhny_Novgorod_players	123	19	104
Jalandhar	wikicat_Cities_and_towns_in_Punjab,_India	9157	9053	104
Michael_Duberry	wikicat_Reading_F.C._players	187	84	103
Leonid_Hurwicz	wordnet_person_100007846	115	12	103
Anders_Jochumsen	wikicat_Lyngby_Boldklub_players	166	63	103
Dubai_International_Airport	wikicat_Airports_in_the_United_Arab_Emirates	12529	12427	102
George_Orwell	wikicat_War_correspondents	248	146	102
Christopher_Reeve	wikicat_American_male_soap_opera_actors	551	450	101
Caxias_do_Sul	wikicat_Cities_in_Rio_Grande_do_Sul	153	53	100
Portuguese_Empire	wikicat_Overseas_empires	115	15	100
Leonid_Hurwicz	wikicat_Jewish_American_scientists	110	12	98
Adanaspor	wordnet_club_108227214	99	1	98
John_Grisham	wikicat_People_from_Oxford,_Mississippi	152	54	98
Mitt_Romney	wikicat_State_governors_of_the_United_States	158	60	98
Carlo_Azeglio_Ciampi	wikicat_Action_Party_(Italy)_politicians	16218	16121	97
Walt_Disney	wikicat_American_philanthropists	243	146	97
Worthing_F.C.	wikicat_Football_clubs_in_West_Sussex	483	386	97
John_Cleese	wikicat_British_television_actors	126	30	96
Kid_Rock	wikicat_Warner_Music_Group_artists	291	195	96
Nicola_Amoruso	wikicat_A.S._Andria_BAT_players	247	152	95
Leandro_Bernardi_Silva	wikicat_Paysandu_Sport_Club_players	114	19	95
Mark_Fotheringham	wikicat_Scottish_expatriate_footballers	107	12	95
S.S._Lazio	wikicat_Multi-sport_clubs	110	15	95
I._M._Pei	wikicat_Living_people	152	57	95
Francisco_Ferreira_(Paraguayan_footballer)	wikicat_Oriente_Petrolero_players	111	16	95
John_Cassavetes	wikicat_American_film_editors	131	37	94
Ljungskile_SK	wikicat_Allsvenskan_clubs	16190	16097	93
Nine_Lives_(2005_film)	wikicat_2005_films	293	200	93
Willard_Van_Orman_Quine	wikicat_Pragmatists	147	54	93
ARIA_Music_Awards	wordnet_award_106696483	118	25	93
Gary_Sweet	wikicat_Australian_male_singers	154	62	92
Trinity_College,_Cambridge	wikicat_Organisations_based_in_Cambridge_with_royal_patronage	313	221	92
Hervé_de_Charette	wikicat_HEC_Paris_alumni	131	39	92
Laredo,_Texas	wikicat_Populated_places_established_in_1755	13694	13603	91
Franco_Da_Dalt	wikicat_A.S._Varese_1910_players	125	34	91
Aria_(film)	wikicat_Miramax_Films_films	102	11	91
The_Dirty_Dozen	wikicat_Films_based_on_novels	95	4	91
Strasbourg	wikicat_Populated_places_on_the_Rhine	132	41	91
Melissa_Tancredi	wikicat_Footballers_at_the_2007_Pan_American_Games	138	48	90
Charlotte_Rampling	wikicat_Pop_singers	139	50	89
Stephen_Hawking	wikicat_Alumni_of_Trinity_Hall,_Cambridge	1862	1773	89
Eduardo_Gonçalves_de_Oliveira	wikicat_Brazil_international_footballers	101	13	88
Captain_Beefheart	wikicat_Songwriters_from_California	227	139	88
Bytów_County	wordnet_administrative_district_108491826	100	12	88
Carl_Tiler	wikicat_Aston_Villa_F.C._players	119	32	87
Club_Sportivo_Cerrito	wikicat_Football_clubs_in_Uruguay	125	38	87
Marcos_Alonso_Peña	wikicat_Málaga_CF_managers	14795	14708	87
Zhuhai_Jinwan_Airport	wikicat_Airports_in_Guangdong	89	3	86
Goole_A.F.C.	wikicat_Northern_Premier_League_clubs	121	35	86
Roger_Glover	wikicat_English_record_producers	250	164	86
Sofia_Coppola	wikicat_American_women_film_directors	348	263	85
Edson_Ratinho	wikicat_RCD_Mallorca_footballers	267	182	85
Scott_Cooksey	wikicat_England_semi-pro_international_footballers	152	67	85
Andrija_Kaluđerović	wikicat_Serbian_expatriates_in_China	208	123	85
Alex_Bruce_(footballer,_born_1984)	wikicat_Oldham_Athletic_A.F.C._players	92	7	85
Harry_B._Gray	wikicat_20th-century_chemists	155	70	85
Boaz_Myhill	wikicat_England_youth_international_footballers	133	48	85
Iván_Obolo	wikicat_AIK_Fotboll_players	180	95	85
George_Abbott	wikicat_Harvard_University_alumni	162	78	84
Oxford,_Ohio	wikicat_Cities_in_Ohio	84	1	83
Ricardo_Montalbán	wikicat_American_film_directors	95	13	82
Galilee	wikicat_New_Testament_places	115	33	82
Diego_Perrone	wikicat_Club_Nacional_de_Football_players	112	32	80
Edmund_Husserl	wikicat_People_condemned_by_Nazi_courts	117	37	80
Joakim_Persson	wikicat_Atalanta_B.C._players	581	501	80
John_Gidman	wikicat_Aston_Villa_F.C._players	440	361	79
David_di_Donatello	wikicat_International_film_awards	110	32	78
Little_Rock,_Arkansas	wikicat_Cities_in_the_United_States	94	16	78
Dave_Mitchell_(footballer)	wikicat_Scottish_footballers	354	276	78
Stevenage	wikicat_Towns_with_cathedrals_in_the_United_Kingdom	131	53	78
Jack_Cork	wikicat_Burnley_F.C._players	119	41	78
Ernest_Orlando_Lawrence_Award	wikicat_Physics_awards	111	34	77
Jane_Murfin	wikicat_American_women_film_directors	493	416	77
Adalto_Batista_da_Silva	wikicat_Esporte_Clube_Santo_André_players	222	145	77
Chien-Shiung_Wu	wikicat_20th-century_women	309	232	77
Ronald_Fisher	wikicat_English_mathematicians	88	12	76
Deportivo_Cuenca	wikicat_Association_football_clubs_established_in_1971	88	12	76
Natasha_Richardson	wikicat_Shakespearean_actors	164	89	75
Rik_Mayall	wikicat_English_male_comedians	107	32	75
Ernst_Mach	wikicat_Austrian_scientists	116	41	75
Ioan_Sabău	wikicat_Feyenoord_players	157	83	74
Jade_North	wikicat_Brisbane_Roar_FC_players	107	33	74
Isidor_Isaac_Rabi	wikicat_Fellows_of_the_American_Association_for_the_Advancement_of_Science	118	45	73
Christopher_Reeve	wikicat_American_writers	134	61	73
David_Bohm	wikicat_Alumni_of_the_University_of_Bristol	317	244	73
Johnny_Torres	wikicat_Miami_Fusion_F.C._players	127	54	73
Gmina_Łagów,_Lubusz_Voivodeship	wordnet_administrative_district_108491826	118	45	73
Daniel_Nannskog	wikicat_Expatriate_footballers_in_China	262	189	73
Mark_Owen	wikicat_Musicians_from_Greater_Manchester	16585	16513	72
Sylvia_Plath	wikicat_Pulitzer_Prize_winners	246	174	72
Neil_Lennon	wikicat_Crewe_Alexandra_F.C._players	155	83	72
Ben_Sahar	wikicat_RCD_Espanyol_footballers	247	175	72
Gary_Teale	wikicat_Sheffield_Wednesday_F.C._players	193	122	71
Liza_Minnelli	wikicat_American_people_of_French-Canadian_descent	421	350	71
Kuujjuaq_Airport	wordnet_airport_102692232	132	61	71
Debbie_Reynolds	wikicat_Actresses_from_Beverly_Hills,_California	150	80	70
Christopher_Guest	wikicat_English_television_writers	104	34	70
Keanu_Reeves	wikicat_American_television_actors	82	12	70
Frank_Sinatra	wikicat_Actors_from_New_Jersey	119	49	70
Ilya_Maksimov	wikicat_FC_Shinnik_Yaroslavl_players	76	7	69
The_London_Studios	wordnet_building_102913152	103	34	69
Jason_Blunt	wikicat_Guiseley_A.F.C._players	183	114	69
Mars_Attacks!	wikicat_American_comedy_science_fiction_films	84	16	68
Henry_Fonda	wikicat_Male_actors_from_Omaha,_Nebraska	94	26	68
Nikita_Rukavytsya	wikicat_2._Bundesliga_players	72	4	68
Stock_Aitken_Waterman	wikicat_Songwriters	115	48	67
Richard_Feynman	wikicat_Quantum_physicists	84	17	67
Gabriel_Enrique_Gómez	wikicat_Junior_F.C._footballers	91	24	67
S.C._Freamunde	wikicat_Football_clubs_in_Portugal	162	95	67
Palm_Springs,_California	wordnet_administrative_district_108491826	85	18	67
Enrico_Fermi_Award	wikicat_Physics_awards	79	13	66
Hapoel_Nir_Ramat_HaSharon_F.C.	wikicat_Football_clubs_in_Israel	81	15	66
José_Moisela	wikicat_Deportivo_Municipal_footballers	165	100	65
Lincoln,_Nebraska	wikicat_Populated_places_established_in_1856	369	304	65
De_Graafschap	wordnet_club_108227214	69	4	65
Alphonse_Tchami	wikicat_1994_FIFA_World_Cup_players	76	11	65
Drama_Desk_Award	wikicat_Theatre_awards	70	5	65
Daniele_De_Vezze	wikicat_Italy_youth_international_footballers	121	56	65
Werder_Bremen	wordnet_club_108227214	66	2	64
Dan_Eggen	wikicat_Norwegian_football_managers	99	36	63
K.S.K._Beveren	wikicat_Association_football_clubs_established_in_1934	123	60	63
Joseph-Désiré_Job	wikicat_1998_FIFA_World_Cup_players	96	33	63
Les_plus_belles_escroqueries_du_monde	wikicat_Black-and-white_films	142	79	63
Stan_Laurel	wikicat_Music_hall_performers	194	131	63
Kalusha_Bwalya	wikicat_Club_Necaxa_footballers	68	6	62
Michele_Fini	wikicat_Cagliari_Calcio_players	200	138	62
Mike_Myers	wikicat_People_from_Ontario	4315	4253	62
Jim_Clark_(film_editor)	wikicat_British_film_editors	84	22	62
Ilian_Iliev	wikicat_Bursaspor_footballers	81	20	61
Paul_Simon	wikicat_Jewish_American_musicians	93	32	61
Danny_Higginbotham	wikicat_English_expatriate_footballers	69	8	61
Ballon_d'Or_(1956–2009)	wordnet_award_106696483	75	14	61
Alekos_Alekou	wikicat_Expatriate_footballers_in_Hungary	70	9	61
Huddersfield_Town_F.C.	wikicat_Association_football_clubs_established_in_1908	70	9	61
Jules_Vandooren	wikicat_CS_Sedan_Ardennes_managers	13236	13175	61
Isidor_Isaac_Rabi	wikicat_Jewish_American_scientists	68	7	61
Nicola_Amoruso	wikicat_A.C._Perugia_Calcio_players	126	65	61
Michael_Nelson_(footballer)	wikicat_Scunthorpe_United_F.C._players	183	122	61
Hermann_Hreiðarsson	wikicat_Crystal_Palace_F.C._players	73	13	60
Aurelio_Vidmar	wikicat_2001_FIFA_Confederations_Cup_players	82	22	60
Sociedade_Esportiva_Matonense	wikicat_Football_clubs_in_São_Paulo_(state)	205	145	60
Precious_Emuejeraye	wikicat_Expatriate_footballers_in_Indonesia	68	8	60
Gheorghe_Hagi	wikicat_FC_Steaua_București_managers	148	88	60
Valentino_Lai	wikicat_Malmö_FF_players	83	24	59
Roberto_Merino	wikicat_Akratitos_FC_players	232	173	59
Ian_Thomas-Moore	wikicat_Burnley_F.C._players	128	69	59
Michael_Hughes_(footballer)	wikicat_Manchester_City_F.C._players	74	15	59
Keanu_Reeves	wikicat_Canadian_film_producers	103	45	58
Ronald_Fisher	wikicat_British_astronomers	65	7	58
Sander_Westerveld	wikicat_UEFA_Euro_2004_players	105	47	58
François_Remetter	wikicat_France_international_footballers	104	46	58
David_Seaman	wikicat_1998_FIFA_World_Cup_players	80	22	58
Paulo_Marcel_Pereira_Merabet	wikicat_Clube_do_Remo_players	429	372	57
Georgios_Vakouftsis	wikicat_ACF_Fiorentina_players	258	201	57
Arezzo	wikicat_Cities_and_towns_in_Tuscany	73	16	57
Nélson_Marcos	wikicat_UD_Almería_footballers	115	58	57
Aarón_Ñíguez	wikicat_Recreativo_de_Huelva_footballers	110	53	57
RBC_Roosendaal	wordnet_club_108227214	80	24	56
Randers_FC	wordnet_club_108227214	58	2	56
Roger_Penrose	wikicat_English_atheists	84	28	56
Beloit,_Wisconsin	wordnet_administrative_district_108491826	71	15	56
Karl_Bermingham	wikicat_Monaghan_United_F.C._players	159	103	56
Arne_Friedrich	wikicat_German_expatriate_footballers	58	3	55
Jim_Rodwell	wikicat_Darlington_F.C._players	166	111	55
Paulus_Roiha	wikicat_FC_Honka_players	100	45	55
Romeo_Filipović	wikicat_MSV_Duisburg_players	92	37	55
Robert_Lucas,_Jr.	wikicat_Presidents_of_the_Econometric_Society	81	26	55
Robbie_Herrera	wikicat_Leyton_Orient_F.C._players	164	110	54
Finland_national_football_team	wikicat_National_sports_teams_of_Finland	65	11	54
Thomas_Mulcair	wikicat_Anglophone_Quebec_people	92	38	54
Hollywood_Party_(1934_film)	wikicat_American_musical_films	81	27	54
Martin_Woods	wikicat_Yeovil_Town_F.C._players	219	165	54
Thomas_Paine	wikicat_American_foreign_policy_writers	135	81	54
Henri_Poincaré	wikicat_19th-century_physicists	121	67	54
James_Wesolowski	wikicat_Leicester_City_F.C._players	116	62	54
Guilherme_de_Cássio_Alves	wikicat_Segunda_División_footballers	71	18	53
Benjamin_Fondane	wikicat_People_from_Iaşi	15278	15225	53
Wim_Suurbier	wikicat_FC_Schalke_04_players	90	37	53
Richard_Garcia	wikicat_Hull_City_A.F.C._players	57	4	53
James_Ivory_(director)	wikicat_American_people_of_Irish_descent	60	7	53
Dietmar_Hamann	wikicat_1998_FIFA_World_Cup_players	70	18	52
The_Hague	wikicat_Port_cities_and_towns_of_the_North_Sea	76	24	52
Sheffield	wikicat_Towns_in_South_Yorkshire	63	11	52
Charles_K._Kao	wikicat_British_academics	103	52	51
Germán_Herrera	wikicat_Campeonato_Brasileiro_Série_A_footballers	58	7	51
Dorinel_Munteanu	wikicat_Romanian_expatriates_in_Belgium	100	49	51
Bernie_Lilavois	wikicat_Portland_Pythons_players	61	10	51
Club_Deportivo_Olimpia	wordnet_club_108227214	61	10	51
Amintore_Fanfani	wikicat_Presidents_of_the_Italian_Senate	94	44	50
SC_Telstar	wordnet_club_108227214	71	21	50
Bruno_Alves	wikicat_Portuguese_expatriates_in_Greece	170	120	50
Cornwall	wikicat_Former_countries_in_the_British_Isles	269	219	50
Roger_Milla	wikicat_1994_FIFA_World_Cup_players	69	19	50
Club_Atlético_Platense	wordnet_club_108227214	66	16	50
Godfrey_Ingram	wikicat_Major_Indoor_Soccer_League_(1978–92)_players	57	8	49
Seol_Ki-hyeon	wikicat_Fulham_F.C._players	229	180	49
Luke_Corbett	wikicat_Association_football_forwards	57	8	49
Raleigh–Durham_International_Airport	wikicat_Airfields_of_the_United_States_Army_Air_Forces_Technical_Service_Command	51	2	49
Andy_Millen	wikicat_Hibernian_F.C._players	84	36	48
Ben_Sahar	wikicat_Israeli_footballers	50	2	48
Omagh	wikicat_Cities_in_the_United_Kingdom	132	84	48
Wisła_Kraków	wikicat_Basketball_teams_in_Poland	58	10	48
Marcos_Denner	wikicat_Paulista_Futebol_Clube_players	86	38	48
Leonid_Hurwicz	wikicat_American_mathematicians	99	51	48
INXS	wikicat_Musical_groups_established_in_1977	86	38	48
David_Watson_(footballer_born_1946)	wikicat_England_international_footballers	80	32	48
Bogotá	wikicat_Capitals_in_South_America	52	4	48
Rosa_Luxemburg	wikicat_German_atheists	76	28	48
Marijan_Kovačević	wikicat_Ethnic_German_people	127	79	48
Dougie_Bell	wikicat_Elgin_City_F.C._players	121	74	47
Iván_Obolo	wikicat_Argentine_people_of_Italian_descent	215	168	47
Mauritius	wikicat_Islands_of_the_Indian_Ocean	139	92	47
Zambia_national_football_team	wordnet_football_team_108080025	82	35	47
Club_Universidad_Nacional	wordnet_club_108227214	61	14	47
Gerry_Francis	wikicat_Exeter_City_F.C._players	70	23	47
Modesto,_California	wikicat_Cities_in_Stanislaus_County,_California	15919	15873	46
Santos,_São_Paulo	wikicat_Populated_coastal_places_in_São_Paulo_(state)	59	13	46
Tivoli,_Lazio	wikicat_Archaeological_sites_in_Italy	55	9	46
Nery_Castillo	wikicat_Mexican_footballers	66	21	45
Gary_Moore	wikicat_British_people	87	42	45
Nathan_Abbey	wikicat_Boston_United_F.C._players	61	16	45
Norm_Macdonald	wikicat_Comedians	72	27	45
Stephen_Fry	wikicat_People_educated_at_Uppingham_School	16365	16320	45
Georg_Wilhelm_Friedrich_Hegel	wikicat_German_logicians	49	4	45
Peter_Kropotkin	wikicat_Soviet_dissidents	115	70	45
Laurent_Schwartz	wikicat_French_atheists	56	11	45
Anand_Raj_Anand	wordnet_artist_109812338	58	13	45
Manuel_Almunia	wikicat_Watford_F.C._players	57	12	45
David_Hume	wikicat_Atheist_philosophers	58	14	44
Wycombe_Wanderers_F.C.	wikicat_Fan-owned_English_League_football_clubs	45	1	44
Tayt_Ianni	wikicat_United_States_men's_international_soccer_players	46	2	44
Haruki_Murakami	wikicat_20th-century_novelists	50	6	44
Kylie_Minogue	wikicat_20th-century_actresses	62	18	44
Kazuyuki_Toda	wikicat_Expatriate_footballers_in_England	48	4	44
Lublin_County	wikicat_Counties_of_Poland	70	26	44
Adán_Vergara	wikicat_Expatriate_footballers_in_Brazil	80	36	44
Apocalypse_Now	wikicat_Vietnam_War_films	56	12	44
Daniel_Prodan	wikicat_Atlético_Madrid_footballers	220	176	44
Eastern_Samar	wikicat_Provinces_of_the_Philippines	72	28	44
Kylie_Minogue	wikicat_Capitol_Records_artists	165	121	44
Diana_Dors	wikicat_Converts_to_Roman_Catholicism	171	127	44
Dan_Aykroyd	wordnet_comedian_109940146	53	10	43
Rot-Weiss_Essen	wikicat_Association_football_clubs_established_in_1907	61	18	43
Aldous_Huxley	wikicat_British_essayists	64	21	43
Teemu_Pukki	wikicat_FC_Schalke_04_players	51	8	43
Deluge_(history)	wikicat_Wars_involving_Sweden	49	6	43
Andrey_Movsisyan	wikicat_FC_Luch-Energiya_Vladivostok_players	113	70	43
Jim_Kerr_(footballer_born_1959)	wikicat_Airdrieonians_F.C._(1878)_players	122	79	43
Barry_Manilow	wikicat_American_people_of_Irish_descent	70	27	43
Eric_Idle	wikicat_English_male_comedians	66	23	43
José_Augusto_Freitas_Sousa	wikicat_Paysandu_Sport_Club_players	59	16	43
Cornwall	wikicat_Peninsulas	118	75	43
Nicolae_Iorga	wikicat_Romanian_orientalists	55	12	43
Manchester_United_F.C.	wikicat_G-14_clubs	46	3	43
Jared_Borgetti	wikicat_Cruz_Azul_footballers	53	10	43
Wakefield	wikicat_County_towns_in_England	66	24	42
Winnipeg_Jets	wikicat_Sports_clubs_established_in_1999	55	13	42
Nicolae_Iorga	wikicat_Romanian_historians	68	26	42
Ray_Houghton	wikicat_Scottish_people_of_Irish_descent	189	147	42
Harold_Urey	wikicat_20th-century_chemists	109	67	42
Stuart_Fleetwood	wikicat_Cardiff_City_F.C._players	53	11	42
Mike_Myers	wikicat_English_screenwriters	248	206	42
Popular_Republican_Movement	wikicat_Catholic_political_parties	47	6	41
Seïd_Khiter	wikicat_AC_Ajaccio_players	59	18	41
Shirley_Jones	wikicat_Actresses_from_Pittsburgh,_Pennsylvania	15960	15919	41
Steve_Jones_(Northern_Irish_footballer)	wikicat_Northern_Premier_League_players	48	7	41
Franco-Prussian_War	wikicat_Conflicts_in_1870	95	55	40
Tiro_Federal	wikicat_Association_football_clubs_established_in_1905	59	19	40
Robert_Enke	wikicat_UEFA_Euro_2008_players	69	29	40
Howard_Shore	wikicat_Living_people	42	2	40
John_Hartson	wikicat_Scottish_Premier_League_players	80	40	40
Vital_Lyadzyanyow	wikicat_Expatriate_footballers_in_Moldova	79	39	40
Patricio_Pérez	wikicat_Club_León_footballers	150	111	39
Manchester_United_F.C.	wikicat_Association_football_clubs_established_in_1878	43	4	39
Albert_Einstein	wikicat_German_physicists	57	18	39
Aidan_Davison	wikicat_Chester_City_F.C._players	189	150	39
Buckethead	wikicat_Musicians_from_California	51	12	39
Warriors_F.C.	wikicat_Association_football_clubs_established_in_1975	45	6	39
Clinton_County,_Ohio	wordnet_county_108546183	48	10	38
Félix_Ricardo_Torres	wikicat_Hércules_CF_footballers	46	8	38
David_García_Haro	wikicat_Cádiz_CF_footballers	79	41	38
ND_Gorica	wikicat_Football_clubs_in_Slovenia	40	2	38
Ilkeston_F.C.	wikicat_Southern_Football_League_clubs	39	1	38
Faroe_Islands	wikicat_States_and_territories_established_in_1948	107	69	38
Royal_Tunbridge_Wells	wikicat_Towns_in_Kent	42	4	38
Delta_Goodrem	wikicat_21st-century_Australian_actresses	69	31	38
F.C._Dynamo_Kyiv	wordnet_club_108227214	43	5	38
Anthony_Eden	wikicat_British_politicians	62	24	38
The_Simpsons_Movie	wikicat_Animated_comedy_films	81	43	38
Porto-Novo	wikicat_Capitals	40	2	38
Ryan_Jarvis	wikicat_Torquay_United_F.C._players	131	94	37
Caleb_Patterson-Sewell	wikicat_Carolina_RailHawks_players	80	43	37
U.S._Cremonese	wikicat_Association_football_clubs_established_in_1903	59	22	37
Lucky_Idahor	wikicat_People_from_Benin_City	16188	16151	37
Terry_Boyle	wikicat_Cardiff_City_F.C._players	49	12	37
Charlie_Davies	wikicat_American_soccer_players	52	15	37
Giuliano_Amato	wikicat_Living_people	39	2	37
Alappuzha	wikicat_Cities_and_towns_in_Kerala	39	2	37
Pierre_Bérégovoy	wikicat_Socialist_Party_(France)_politicians	59	22	37
Martin_Woods	wikicat_Scotland_under-21_international_footballers	55	18	37
George_R._R._Martin	wikicat_Worldcon_Guests_of_Honor	74	37	37
Congo_Crisis	wikicat_Wars_involving_Sweden	98	61	37
de/Dolný_Zemplín	wikicat_Regions_of_Slovakia	45	8	37
Central_Banat_District	wikicat_Districts_of_Serbia	46	9	37
Thelma_Schoonmaker	wikicat_Living_people	38	2	36
Natasha_Richardson	wikicat_People_educated_at_St_Paul's_Girls'_School	104	68	36
Gina_Lollobrigida	wikicat_Italian_women	41	5	36
Paulo_Marcel_Pereira_Merabet	wikicat_K.S.C._Lokeren_Oost-Vlaanderen_players	38	2	36
Jack_Black	wikicat_Actors_from_California	77	41	36
Daphne_du_Maurier	wikicat_Women_short_story_writers	57	21	36
Brasília	wikicat_States_of_Brazil	40	4	36
Konrad_Adenauer	wikicat_Grand_Officers_of_the_Order_of_Merit_of_the_Italian_Republic	51	16	35
Norm_Macdonald	wikicat_Living_people	36	1	35
Robert_I,_Duke_of_Parma	wordnet_sovereign_110628644	36	1	35
Matías_Masiero	wikicat_A.C._Pisa_1909_players	177	142	35
Carlos_Alberto_de_Jesus	wikicat_Goiás_Esporte_Clube_players	48	14	34
S.S._Lazio	wikicat_Association_football_clubs_established_in_1900	48	14	34
Jonathan_Lethem	wikicat_Writers_from_New_York	68	34	34
Alex_Mathie	wikicat_Port_Vale_F.C._players	108	74	34
Joseph-Désiré_Job	wikicat_Middlesbrough_F.C._players	262	228	34
Jacques_Chirac	wikicat_Anti–death_penalty_activists	46	12	34
Éder_Aleixo_de_Assis	wikicat_Clube_Atlético_Paranaense_players	64	31	33
Rugby_Town_F.C.	wikicat_Football_clubs_in_England	79	46	33
Ezequiel_Lavezzi	wikicat_People_from_Santa_Fe_Province	42	9	33
Graham_Stack_(footballer)	wikicat_English_people_of_Irish_descent	230	197	33
Jorge_Costa	wikicat_Portuguese_expatriates_in_England	92	59	33
Dennis_Rodman	wikicat_Actors_from_New_Jersey	58	25	33
Henry_Fonda	wikicat_Kennedy_Center_honorees	76	43	33
Steve_Croudson	wikicat_Players_in_the_Welsh_Premier_League	139	106	33
Nicolas_Sahnoun	wikicat_UD_Almería_footballers	257	224	33
Ian_Moores	wikicat_Bolton_Wanderers_F.C._players	41	8	33
Alex_Mineiro	wikicat_Esporte_Clube_Vitória_players	42	9	33
José_Jesús_Perera	wikicat_CD_Badajoz_players	215	183	32
Mort_Shuman	wikicat_People_from_Brooklyn	75	43	32
Kumbakonam	wikicat_Cities_and_towns_in_Tamil_Nadu	51	19	32
Inverness	wordnet_site_108651247	44	12	32
Mel_Tormé	wikicat_American_male_novelists	240	208	32
Detroit_Safari	wikicat_Continental_Indoor_Soccer_League_teams	40	9	31
Nicola_Amoruso	wikicat_Modena_F.C._players	48	17	31
Paul_Dickov	wikicat_Leeds_United_A.F.C._players	39	8	31
Kamil_Grosicki	wikicat_FC_Sion_players	47	16	31
Alexandre_Lopes	wikicat_Goiás_Esporte_Clube_players	78	47	31
Rome,_New_York	wordnet_administrative_district_108491826	32	1	31
Środa_Śląska_County	wikicat_Counties_of_Poland	46	15	31
Dorinel_Munteanu	wikicat_FC_CFR_Cluj_managers	66	36	30
Manuel_Almunia	wikicat_CA_Osasuna_footballers	99	69	30
Jorge_Costa	wikicat_Portuguese_expatriates_in_Cyprus	60	30	30
Garry_Thompson_(footballer_born_1959)	wikicat_Northampton_Town_F.C._players	102	72	30
Brodnica_County	wordnet_administrative_district_108491826	45	15	30
Captain_Beefheart	wikicat_21st-century_American_painters	1797	1767	30
San_Antonio	wikicat_Cities_in_Texas	31	1	30
Kazuyuki_Toda	wikicat_Expatriate_footballers_in_Singapore	46	17	29
Zeeland	wikicat_Provinces_of_the_Netherlands	37	8	29
APOP_Kinyras_FC	wikicat_Football_clubs_in_Cyprus	87	58	29
Martin_Andresen	wikicat_Wimbledon_F.C._players	46	17	29
Zlatko_Yankov	wikicat_1994_FIFA_World_Cup_players	32	3	29
FC_Pyunik	wikicat_Association_football_clubs_established_in_1996	32	3	29
Xerez_CD	wikicat_Association_football_clubs_established_in_1947	316	287	29
Marijo_Marić	wikicat_SV_Waldhof_Mannheim_players	152	123	29
Daniel_Handler	wikicat_Male_short_story_writers	67	38	29
CS_Sedan_Ardennes	wikicat_Football_clubs_in_France	55	26	29
Gökhan_Bozkaya	wikicat_Giresunspor_footballers	47	18	29
Kingdom_of_Hanover	wikicat_States_and_territories_established_in_1814	348	319	29
Gary_Barlow	wikicat_English_keyboardists	37	8	29
André_Weil	wikicat_Lycée_Saint-Louis_alumni	38	10	28
Micky_Adams	wikicat_Southampton_F.C._players	55	27	28
Frédéric_Nimani	wikicat_AC_Arles-Avignon_players	100	72	28
Bradford_Park_Avenue_A.F.C.	wikicat_Southern_Football_League_clubs	123	95	28
Jerry_Siegel	wikicat_Jewish_American_writers	90	62	28
Putrajaya	wikicat_Capitals_in_Asia	29	1	28
MGM_Grand_Garden_Arena	wikicat_Entertainment_venues_in_the_United_States	40	12	28
Henri_Fuchs	wikicat_1._FC_Köln_players	66	38	28
Mark_Prudhoe	wikicat_Sunderland_A.F.C._players	56	28	28
Karachi	wikicat_Capitals_of_Pakistan	31	3	28
Emmet_Friars	wikicat_A.F.C._Telford_United_players	58	30	28
Nélson_Marcos	wikicat_Expatriate_footballers_in_Italy	36	8	28
Kuala_Lumpur	wordnet_administrative_district_108491826	39	11	28
Rodney_Bush	wikicat_Scottish_Football_League_players	49	21	28
OFK_Beograd	wikicat_Football_clubs_in_Yugoslavia	38	10	28
Taranto	wikicat_Ancient_Greek_sites_in_Italy	41	14	27
Windham_County,_Connecticut	wordnet_county_108546183	33	6	27
Greta_Scacchi	wikicat_English_stage_actresses	74	47	27
Seol_Ki-hyeon	wikicat_Reading_F.C._players	117	90	27
Jørgen_Kristensen	wikicat_Sparta_Rotterdam_players	110	83	27
Diogo_Lézico_da_Silva	wikicat_Portimonense_S.C._players	46	19	27
Doncaster	wikicat_Railway_towns_in_England	86	59	27
Alexander_Herzen	wikicat_Russian_novelists	44	17	27
Lulu_(singer)	wikicat_Scottish_television_actresses	38	11	27
Ulisses_FC	wordnet_club_108227214	32	5	27
Hans-Georg_Gadamer	wikicat_Philosophers_of_education	156	129	27
Kuwait_City	wordnet_administrative_district_108491826	87	60	27
Robert_Taylor_(footballer)	wikicat_Brentford_F.C._players	74	47	27
Apocalypse_Now	wikicat_Films_based_on_works_by_Joseph_Conrad	36	10	26
Ronald_Coase	wikicat_21st-century_English_writers	14075	14049	26
Georges_Bataille	wikicat_Men_sociologists	67	41	26
Jack_Cork	wikicat_Association_football_defenders	30	4	26
Strasbourg	wordnet_country_108544813	28	2	26
Susan_Sontag	wikicat_21st-century_American_writers	29	3	26
Springfield,_Massachusetts	wikicat_Populated_places_on_the_Connecticut_River	143	117	26
Delron_Buckley	wikicat_Borussia_Dortmund_players	36	10	26
Brazil	wikicat_Romance_countries_and_territories	46	20	26
Roger_Ebert	wikicat_American_skeptics	293	267	26
David_Seaman	wikicat_Association_football_goalkeepers	75	49	26
Oscar_Dertycia	wikicat_Club_Atlético_Belgrano_footballers	37	11	26
Sebastian_Helbig	wikicat_Bayer_04_Leverkusen_players	29	3	26
Rudolf_Peierls	wikicat_Lorentz_Medal_winners	36	10	26
Lee_Johnson_(footballer)	wikicat_Chesterfield_F.C._players	54	28	26
David_Byrne	wikicat_British_record_producers	69	43	26
Max_Kruse	wikicat_Borussia_Mönchengladbach_players	55	30	25
Kenneth_G._Wilson	wikicat_Living_people	55	30	25
C._S._Lewis	wikicat_Science_fiction_writers	96	71	25
Simon_Grand	wikicat_Aldershot_Town_F.C._players	74	49	25
Williams_Martínez	wikicat_Ferro_Carril_Oeste_footballers	94	69	25
Strasbourg	wikicat_Prefectures_in_France	27	2	25
Danny_Graham_(footballer)	wikicat_Blackpool_F.C._players	29	4	25
Bucholz_Army_Airfield	wordnet_airport_102692232	28	3	25
Cagliari	wikicat_Populated_places_established_in_the_7th_century_BC	33	8	25
Jerusalem	wikicat_Populated_places_in_the_West_Bank	32	7	25
Jay_Mohr	wikicat_Male_actors_from_New_Jersey	51	26	25
Piers_Anthony	wikicat_Science_fiction_fans	32	7	25
MFK_Ružomberok	wordnet_club_108227214	98	73	25
Chuck_Norris	wikicat_American_political_writers	509	484	25
Roger_Ebert	wordnet_writer_110794014	26	1	25
Hong_Kong	wikicat_Port_cities	84	59	25
Carl_Pentney	wikicat_Woking_F.C._players	110	86	24
Daryl_Taylor	wikicat_Walsall_F.C._players	44	20	24
Adalto_Batista_da_Silva	wikicat_Guarani_Futebol_Clube_players	25	1	24
All_the_Invisible_Children	wikicat_French_documentary_films	78	54	24
Evando	wikicat_Avaí_Futebol_Clube_players	95	71	24
John_Farnham	wikicat_Australian_pop_singers	34	10	24
Alojz_Rebula	wikicat_Translators	38	14	24
Sultan_Syarif_Kasim_II_International_Airport	wordnet_airport_102692232	25	1	24
Garry_Thompson_(footballer_born_1959)	wikicat_Sheffield_Wednesday_F.C._players	33	9	24
Felix_Ogbuke	wikicat_People_from_Enugu	114	91	23
Dominique_de_Villepin	wordnet_minister_110320863	54	31	23
Émile_Picard	wikicat_People_from_Paris	35	12	23
Alex_Mathie	wikicat_Greenock_Morton_F.C._players	63	40	23
Rijeka_Airport	wordnet_airport_102692232	27	4	23
Yaoundé	wikicat_Capitals_in_Africa	31	8	23
Milovan_Milović	wikicat_KS_Dinamo_Tirana_players	137	114	23
Edgar_Award	wikicat_American_film_awards	27	5	22
Nassim_Mendil	wikicat_U.S._Salernitana_1919_players	58	36	22
Dieter_Van_Tornhout	wikicat_Nea_Salamina_Famagusta_FC_players	60	38	22
Jennifer_Lopez	wikicat_American_television_producers	90	68	22
Thessaloniki	wikicat_Port_cities	32	10	22
Hilary_Duff	wikicat_Animal_rights_advocates	89	67	22
Indonesia	wikicat_Countries_in_Oceania	50	28	22
Bernie_Lilavois	wikicat_Continental_Indoor_Soccer_League_players	53	31	22
Subrahmanyan_Chandrasekhar	wikicat_American_people	26	4	22
Serge_Gainsbourg	wikicat_French-language_writers	390	368	22
Jean_Michel_Jarre	wikicat_French_composers	25	3	22
Michel_Debré	wikicat_French_people_of_the_Algerian_War	31	9	22
Comoros	wikicat_Islands_of_the_Indian_Ocean	136	114	22
Arabic_language	wikicat_Languages_of_the_United_Arab_Emirates	121	99	22
Portugal_national_football_team	wikicat_National_sports_teams_of_Portugal	31	9	22
Olympique_Lyonnais	wikicat_Multi-sport_clubs_in_France	33	12	21
Maputo	wikicat_Port_cities_in_Africa	24	3	21
Modeste_M'bami	wikicat_Olympic_medalists_in_football	75	54	21
Marcus_Vinícius_da_Cruz_Alves_Nóbrega	wikicat_Clube_Náutico_Capibaribe_players	50	29	21
Giuliano_Tadeo_Aranda	wikicat_Botafogo_de_Futebol_e_Regatas_players	38	17	21
Ethio-Somali_War	wikicat_Wars_involving_the_Soviet_Union	32	11	21
Guilherme_de_Cássio_Alves	wikicat_Club_de_Regatas_Vasco_da_Gama_players	42	22	20
Jay_Mohr	wikicat_Living_people	26	6	20
Aaron_Brown_(footballer_born_1980)	wikicat_Lincoln_City_F.C._players	85	65	20
Robert_Rich_(musician)	wikicat_Electronic_musicians	22	2	20
Yaroslav_Svorak	wikicat_FC_Dnepr_Mogilev_players	33	13	20
Inverell	wordnet_site_108651247	27	7	20
FK_Vojvodina	wikicat_Football_clubs_in_Serbia	24	4	20
Daniel_Dennett	wikicat_American_non-fiction_writers	285	265	20
Pyongyang	wikicat_Capitals_in_Asia	22	2	20
Roy_Ashburn	wordnet_state_senator_110650076	77	58	19
Andy_Gurney	wikicat_Torquay_United_F.C._players	46	27	19
Christian_Bassila	wikicat_Bundesliga_players	24	5	19
Clint_Marcelle	wikicat_Rio_Ave_F.C._players	430	411	19
Chaudière-Appalaches	wordnet_administrative_district_108491826	23	4	19
Wellington_Gonçalves_Amorim	wikicat_Associação_Desportiva_São_Caetano_players	23	4	19
Richard_Dawkins	wikicat_English_atheists	30	11	19
Karachi	wikicat_Cities_of_Pakistan	27	8	19
Agustín_Castillo	wikicat_Expatriate_footballers_in_Ecuador	47	28	19
Mauro_Sérgio_Viriato_Mendes	wikicat_Santos_Futebol_Clube_players	25	6	19
KV_Mechelen	wikicat_Association_football_clubs_established_in_1904	62	43	19
Radosław_Kałużny	wikicat_Jagiellonia_Białystok_players	40	21	19
Søren_Larsen	wikicat_Danish_Superliga_players	30	11	19
André_Oliveira_de_Lima	wikicat_2._Bundesliga_players	26	7	19
Dai_Nagao	wordnet_artist_109812338	21	2	19
Kenny_Stamatopoulos	wikicat_Lyn_Fotball_players	63	44	19
Mexico_national_under-23_football_team	wikicat_National_sports_teams_of_Mexico	58	40	18
Boaz_Myhill	wikicat_Stockport_County_F.C._players	62	44	18
Richard_Feynman	wikicat_Jewish_American_scientists	19	1	18
Bartoloměj_Kuru	wikicat_Expatriate_footballers_in_Slovakia	32	14	18
Liberal_Party_(UK)	wikicat_Political_parties_disestablished_in_1988	15200	15182	18
Lindsay_Lohan	wikicat_Actresses_from_New_York	27	9	18
Billy_Boyd_(footballer)	wikicat_Southampton_F.C._players	110	92	18
MFK_Košice	wordnet_club_108227214	22	4	18
Millonarios_Fútbol_Club	wikicat_Football_clubs_in_Colombia	33	15	18
Phil_Charnock	wikicat_Port_Vale_F.C._players	71	53	18
Gloucester_City_A.F.C.	wikicat_Association_football_clubs_established_in_1883	42	24	18
Vietnam_War	wikicat_Wars_involving_New_Zealand	31	13	18
Sigmund_Freud	wikicat_Austrian_scientists	55	37	18
Guwançmuhammet_Öwekow	wikicat_Turkmenistan_footballers	29	11	18
Dimba	wikicat_Goiás_Esporte_Clube_players	50	32	18
Ronald_Arana	wikicat_Expatriate_footballers_in_Argentina	19	1	18
Fernando_Pessoa	wikicat_Portuguese-language_writers	54	36	18
Central_Coast_Mariners_FC	wikicat_A-League_teams	36	18	18
Terence_Tao	wikicat_Fellows_of_the_Australian_Academy_of_Science	109	91	18
Cole_Porter	wikicat_LGBT_people	40	22	18
Iván_Guerrero	wikicat_San_Jose_Earthquakes_players	21	4	17
FC_Stal_Alchevsk	wikicat_Football_clubs_in_Ukraine	19	2	17
Bernardo_Tengarrinha	wikicat_C.D._Santa_Clara_players	33	16	17
Tours_FC	wikicat_Football_clubs_in_France	25	8	17
Watford_F.C.	wikicat_Association_football_clubs_established_in_1881	72	55	17
A.F.C._Bournemouth	wordnet_club_108227214	18	1	17
Adriano_Ferreira_Silvestre	wikicat_Associação_Portuguesa_de_Desportos_players	51	34	17
Marco_Delvecchio	wikicat_F.B.C._Unione_Venezia_players	99	82	17
Aleksandr_Chertoganov	wikicat_Gabala_FC_players	28	11	17
Tibet_Autonomous_Region	wordnet_administrative_district_108491826	28	11	17
Aritz_Aduriz	wikicat_Spain_international_footballers	82	65	17
Legazpi,_Albay	wordnet_administrative_district_108491826	18	1	17
Raoul_Bott	wikicat_Hungarian_mathematicians	24	7	17
Zeeland	wikicat_States_of_the_Holy_Roman_Empire	19	2	17
John_Stuart_Mill	wikicat_British_feminists	59	42	17
Stephen_Hawking	wikicat_20th-century_astronomers	58	41	17
Liza_Minnelli	wikicat_Actresses_from_Los_Angeles,_California	43	26	17
Walt_Disney	wikicat_English-language_film_directors	36	19	17
Hrishikesh_Mukherjee	wikicat_People_from_West_Bengal	30	13	17
Stephen_Fry	wikicat_English_voice_actors	28	12	16
Sport_Boys	wikicat_Football_clubs_in_Peru	95	79	16
Craig_Beattie	wikicat_Barnet_F.C._players	256	240	16
Julianne_Moore	wikicat_21st-century_American_writers	62	46	16
Paulette_Goddard	wikicat_Actors_from_New_York_City	22	6	16
W._S._Van_Dyke	wikicat_Vaudeville_performers	100	84	16
Ralph_Hasenhüttl	wikicat_FK_Austria_Wien_players	23	7	16
Julian_Alsop	wikicat_Newport_County_A.F.C._players	22	6	16
Robert_Jarni	wikicat_UEFA_Euro_1996_players	39	23	16
Jade_North	wikicat_Association_football_central_defenders	123	107	16
Newport,_Wales	wikicat_Populated_coastal_places_in_Wales	21	5	16
Pepe_Reina	wikicat_UEFA_Euro_2008_players	52	36	16
Tom_Stoppard	wikicat_Living_people	27	11	16
Silvio_González	wikicat_San_Lorenzo_footballers	42	26	16
Craig_Beattie	wikicat_Celtic_F.C._players	22	6	16
Daigo_Kobayashi	wikicat_Norwegian_Premier_League_players	18	2	16
Austin,_Texas	wikicat_Planned_cities_in_the_United_States	35	19	16
War_of_the_Second_Coalition	wikicat_Wars_involving_the_Ottoman_Empire	53	38	15
Douglas_Engelbart	wikicat_Xerox_people	13260	13245	15
Wales	wikicat_Island_countries	17	2	15
The_New_School	wikicat_Educational_institutions_established_in_1919	155	140	15
Anambra_State	wordnet_administrative_district_108491826	16	1	15
Cédric_Roussel	wikicat_Expatriate_footballers_in_Italy	29	14	15
Sir_Seewoosagur_Ramgoolam_International_Airport	wikicat_Airports_established_in_1942	36	21	15
Greg_Strong	wikicat_Bury_F.C._players	120	105	15
Friedrich_Hayek	wikicat_Austrian_School_economists	23	8	15
Dave_Mitchell_(footballer)	wikicat_Australian_expatriates_in_Turkey	17	2	15
Bobby_Weale	wikicat_Welsh_footballers	18	3	15
Roger_Ebert	wikicat_Film_theorists	578	563	15
David_Sedaris	wikicat_LGBT_people	111	96	15
George_Orwell	wikicat_English_essayists	34	19	15
Valdas_Ivanauskas	wikicat_Soviet_footballers	30	15	15
Frédéric_Nimani	wikicat_Premier_League_players	38	23	15
Błażej_Augustyn	wikicat_Expatriate_footballers_in_England	90	75	15
Aleksandar_Trišović	wikicat_FC_Metalist_Kharkiv_players	16	2	14
Mexico_City	wikicat_Capital_districts_and_territories	45	31	14
Borussia_Dortmund	wikicat_Publicly_traded_sports_companies	29	15	14
José_Luis_Garcés	wikicat_Club_Nacional_de_Football_players	46	32	14
Charlotte_Rampling	wikicat_Living_people	15	1	14
Steven_Weinberg	wikicat_Jewish_American_scientists	28	14	14
Mato_Neretljak	wikicat_K_League_players	16	2	14
The_Story_of_Alexander_Graham_Bell	wikicat_Black-and-white_films	17	3	14
Kochi	wikicat_Cities_and_towns_in_Kerala	29	15	14
Walsall_F.C.	wordnet_club_108227214	20	6	14
Upton_Sinclair	wikicat_American_male_writers	28	14	14
Pete_Seeger	wikicat_Harvard_University_alumni	39	25	14
Kaunas_Airport	wordnet_airport_102692232	21	7	14
Jack_Reynolds_(footballer_born_1881)	wikicat_AFC_Ajax_managers	27	13	14
Motala	wikicat_Municipalities_of_Sweden	17	3	14
Haugesund	wikicat_Populated_coastal_places_in_Norway	19	5	14
Steve_Bowey	wikicat_Bristol_Rovers_F.C._players	16	2	14
The_Notorious_B.I.G.	wikicat_American_poets	88	75	13
Pegah_F.C.	wikicat_Association_football_clubs_established_in_2002	105	92	13
Alfred_Tarski	wikicat_American_philosophers	41	28	13
Yevhen_Lutsenko	wikicat_Ukrainian_expatriate_footballers	16	3	13
Sani_Kaita	wikicat_Iraklis_Thessaloniki_F.C._players	17	4	13
Mitrovica,_Kosovo	wordnet_administrative_district_108491826	15	2	13
Nassim_Mendil	wikicat_A.C._Ancona_players	43	30	13
Sigmund_Freud	wikicat_Austrian_atheists	25	12	13
Charles_S._Dutton	wikicat_Actors_from_Maryland	16064	16051	13
Västra_Götaland_County	wikicat_Counties_of_Sweden	20	7	13
NK_Krka	wikicat_Association_football_clubs_established_in_1922	40	27	13
Ipswich_Town_F.C.	wikicat_Football_League_Championship_clubs	18	5	13
Bret_McKenzie	wikicat_21st-century_New_Zealand_male_actors	14	1	13
Billy_Corgan	wikicat_Songwriters	26	13	13
University_of_Portland	wikicat_Universities_and_colleges_accredited_by_the_Northwest_Commission_on_Colleges_and_Universities	20	7	13
S.S._Lazio	wikicat_Publicly_traded_sports_companies	59	46	13
Roger_Glover	wikicat_British_composers	26	13	13
Huachipato	wikicat_Football_clubs_in_Chile	21	8	13
Jack_Ross_(footballer_born_1976)	wikicat_St._Mirren_F.C._players	32	19	13
Cornwall	wikicat_Peninsulas_of_Europe	24	11	13
Mato_Neretljak	wikicat_Expatriate_footballers_in_South_Korea	16	3	13
Carlos_Navarro_Montoya	wikicat_CF_Extremadura_footballers	24	11	13
Phil_Charnock	wikicat_English_footballers	25	13	12
Ribeirão_Preto	wordnet_administrative_district_108491826	13	1	12
Ioan_Sabău	wikicat_1990_FIFA_World_Cup_players	44	32	12
Susan_Sontag	wikicat_American_essayists	19	7	12
Cebu	wordnet_administrative_district_108491826	22	10	12
Bnei_Yehuda_Tel_Aviv_F.C.	wikicat_Jewish_football_clubs	17	5	12
Aşgabat_FT	wordnet_club_108227214	13	1	12
Matt_Carmichael_(footballer)	wikicat_Lincoln_City_F.C._players	23	11	12
Leominster,_Massachusetts	wikicat_Cities_in_Worcester_County,_Massachusetts	24	12	12
Helsingborg	wikicat_Populated_places_in_Skåne_County	18	6	12
Austria	wikicat_Federal_countries	27	15	12
Ricardo_Montalbán	wikicat_American_television_actors	18	6	12
Aurelio_Vidmar	wikicat_Adelaide_City_players	20	8	12
Aidan_Quinn	wikicat_Stage_actors	62	50	12
Craig_Armstrong_(footballer)	wikicat_Burnley_F.C._players	119	107	12
Murfreesboro,_Tennessee	wikicat_Former_United_States_state_capitals	37	25	12
Cristiano_da_Silva_Santos	wikicat_Joinville_Esporte_Clube_players	20	8	12
Wolfgang_Pauli	wikicat_American_academics	21	9	12
German_language	wikicat_Languages_of_Kazakhstan	99	87	12
Michel_Debré	wikicat_Radical_Party_(France)_politicians	19	7	12
Iván_Guerrero	wikicat_Colorado_Rapids_players	13	1	12
Nick_Cave	wikicat_Australian_actors	19	7	12
Jon_Harley	wikicat_Notts_County_F.C._players	48	37	11
Marcel_Domingo	wikicat_AC_Arles-Avignon_players	459	448	11
Republican_Party_(United_States)	wikicat_Right-wing_parties	31	20	11
Stevenage	wikicat_Towns_in_Hertfordshire	28	17	11
FC_Steaua_București	wordnet_club_108227214	13	2	11
Arthur_Moses	wikicat_Asante_Kotoko_F.C._players	62	51	11
Miklós_Fehér	wikicat_Association_football_players_who_died_while_playing	314	303	11
Osamu_Tezuka	wikicat_Anime_screenwriters	21	10	11
Bert_Gosnell	wikicat_Gillingham_F.C._players	46	35	11
Segundo_Castillo	wikicat_ESPOLI_footballers	91	80	11
Denis_Leary	wordnet_comedian_109940146	21	10	11
Paulo_Figueiredo	wikicat_2006_FIFA_World_Cup_players	108	97	11
Stefan_Majewski	wikicat_Polonia_Warsaw_managers	43	32	11
I._M._Pei	wikicat_Chinese_people	26	15	11
Rochester,_New_York	wordnet_administrative_district_108491826	12	1	11
Zoran_Milinković_(footballer)	wikicat_FK_Vojvodina_players	13	2	11
Almería_Airport	wordnet_airport_102692232	15	4	11
Republican_Party_(United_States)	wikicat_International_Democrat_Union_member_parties	13	2	11
Daisuke_Matsui	wikicat_PFC_Levski_Sofia_players	14	3	11
Tunis	wikicat_Capitals_in_Africa	12	1	11
Gustav_Kirchhoff	wikicat_Ethnic_German_people	13	2	11
Somalia	wikicat_Federal_countries	25	14	11
André_Guerreiro_Rocha	wikicat_Expatriate_footballers_in_Greece	12	1	11
Ghana_national_under-17_football_team	wordnet_football_team_108080025	19	8	11
June_Allyson	wikicat_Metro-Goldwyn-Mayer_contract_players	23	12	11
Bradford_Park_Avenue_A.F.C.	wikicat_Former_Football_League_clubs	50	39	11
Éder_Aleixo_de_Assis	wikicat_Sociedade_Esportiva_do_Gama_players	25	14	11
Dominic_Foley	wikicat_Wolverhampton_Wanderers_F.C._players	57	46	11
Chad_Harpur	wikicat_Association_football_goalkeepers	29	18	11
Eduardo_Carvalho	wikicat_Portuguese_expatriates_in_Turkey	22	11	11
Puerto_Cabello	wikicat_Port_cities	12	1	11
Ethiopia	wikicat_Federal_countries	30	20	10
Dino_Fava	wikicat_A.S._Varese_1910_players	12	2	10
Michele_Fini	wikicat_A.C._Siena_players	32	22	10
Paraná_Clube	wordnet_club_108227214	11	1	10
Carl_Sagan	wikicat_Jewish_American_scientists	23	13	10
Union_for_a_Popular_Movement	wikicat_Right-wing_parties	17	7	10
Sežana	wordnet_administrative_district_108491826	14	4	10
Colchester_United_F.C.	wikicat_Football_League_clubs	16	6	10
French_Algeria	wordnet_country_108544813	14	4	10
Mark_Prudhoe	wikicat_Bradford_City_A.F.C._players	24	14	10
Pierre_Pflimlin	wikicat_Government_ministers_of_France	14	4	10
San_Antonio	wikicat_County_seats_in_Texas	19	9	10
Olubayo_Adefemi	wikicat_People_from_Lagos	15	5	10
Jacques_Derrida	wikicat_French_people_of_Algerian_descent	17	7	10
Chamois_Niortais_F.C.	wikicat_Association_football_clubs_established_in_1925	39	29	10
Inglourious_Basterds	wikicat_French-language_films	24	14	10
Fritz_Lang	wikicat_People_who_emigrated_to_escape_Nazism	15	5	10
Mircea_Rednic	wikicat_UEFA_Euro_1984_players	156	146	10
Zoran_Milinković_(footballer)	wikicat_Expatriate_footballers_in_France	12	2	10
Zoran_Milinković_(footballer)	wikicat_Bundesliga_players	25	15	10
Michael_Hughes_(footballer)	wikicat_West_Ham_United_F.C._players	24	14	10
Warri	wordnet_administrative_district_108491826	14	4	10
Vital_Lyadzyanyow	wikicat_FC_Inter_Baku_players	22	12	10
RCD_Mallorca	wikicat_Organisations_based_in_Spain_with_royal_patronage	11	1	10
Alicante_CF	wikicat_Football_clubs_in_Spain	11	1	10
Stuart_Green	wikicat_Carlisle_United_F.C._players	20	10	10
Second_Congo_War	wikicat_Civil_wars	15	5	10
Walt_Disney	wikicat_Actors_from_California	44	34	10
Gustavo_Napoles	wikicat_Chiapas_F.C._footballers	38	29	9
Kherson	wikicat_Populated_places_established_in_1778	13	4	9
August_Wilhelm_von_Hofmann	wikicat_Ethnic_German_people	11	2	9
S.S._Lazio	wikicat_Companies_listed_on_the_Borsa_Italiana	15	6	9
Rangers_F.C.	wikicat_Association_football_clubs_established_in_1872	34	25	9
Janez_Zavrl_(footballer)	wikicat_Expatriate_footballers_in_Norway	13	4	9
Ronald_Coase	wikicat_British_Nobel_laureates	23	14	9
Dennis_Rodman	wikicat_San_Antonio_Spurs_players	498	489	9
Nemanja_Pejčinović	wikicat_Serbian_expatriates_in_France	59	50	9
Adam_Smith	wikicat_Scottish_people	18	9	9
CD_Atlético_Baleares	wordnet_club_108227214	12	3	9
Serge_Gainsbourg	wikicat_20th-century_French_male_actors	87	78	9
Bas_Savage	wikicat_Walton_&amp;_Hersham_F.C._players	37	28	9
Republican_People's_Party_(Turkey)	wikicat_Secularist_political_parties	125	116	9
Trabzon	wikicat_Capitals_of_former_nations	35	26	9
Nano_(Spanish_footballer_born_1980)	wikicat_Spanish_people	18	9	9
FC_Andorra	wikicat_Football_clubs_in_Spain	10	1	9
Allan_Nielsen	wikicat_1998_FIFA_World_Cup_players	28	19	9
Pierce_Brosnan	wikicat_21st-century_American_male_actors	15	6	9
Roberto_Benigni	wikicat_Italian_stage_actors	17	8	9
Tomislav_Bušić	wikicat_Expatriate_footballers_in_Israel	12	3	9
Armand_Traoré	wikicat_France_under-21_international_footballers	19	10	9
Melissa_Tancredi	wikicat_National_Women's_Soccer_League_players	21	12	9
Barcelona	wikicat_University_towns	32	23	9
Maroš_Klimpl	wikicat_FK_Viktoria_Žižkov_players	20	11	9
Gençlerbirliği_S.K.	wordnet_club_108227214	10	1	9
Christian_Brand	wikicat_German_football_managers	19	10	9
Freeman_Dyson	wikicat_English_emigrants_to_the_United_States	12	3	9
Ilian_Iliev	wikicat_PFC_Spartak_Varna_players	15	7	8
Kerrang!_Awards	wikicat_Music_awards	12	4	8
Nottingham	wikicat_University_towns_in_the_United_Kingdom	24	16	8
Midge_Ure	wikicat_Guitarists	19	11	8
Bogdan_Vrăjitoarea	wikicat_CS_Mioveni_players	15	7	8
GLAAD_Media_Award	wikicat_American_television_awards	10	2	8
Anne,_Princess_Royal	wikicat_People_from_Westminster	81	73	8
Andrej_Hesek	wikicat_Slovakia_international_footballers	23	15	8
Roy_Scheider	wikicat_21st-century_American_male_actors	11	3	8
Luciano_Henrique	wikicat_Santos_Futebol_Clube_players	12	4	8
Pascal_Zuberbühler	wikicat_2006_FIFA_World_Cup_players	66	58	8
Jean_Fuller	wikicat_People_from_Bakersfield,_California	29	21	8
Ebbw_Vale_F.C.	wordnet_club_108227214	19	11	8
David_Hilbert	wikicat_People_from_Königsberg	21	13	8
Daniel_Pendín	wikicat_CD_Castellón_footballers	35	27	8
FC_Dnepr_Mogilev	wordnet_club_108227214	9	1	8
Nenad_Stojanović	wikicat_K.R.C._Genk_players	438	430	8
Moscow	wikicat_Special_Economic_Zones	21	13	8
Ian_McLagan	wikicat_Rock_keyboardists	11	3	8
Nikola_Karčev	wikicat_Association_football_defenders	12	4	8
FC_Atyrau	wordnet_club_108227214	9	1	8
Luiz_Antônio_de_Oliveira	wikicat_Santos_Futebol_Clube_players	25	17	8
Plovdiv	wikicat_Ancient_cities	23	15	8
Milan_Purović	wikicat_Expatriate_footballers_in_Hungary	21	13	8
Southampton	wikicat_Port_cities	9	1	8
Gustavo_Victoria	wikicat_Cortuluá_footballers	21	13	8
Uvalde,_Texas	wikicat_Cities_in_Texas	9	1	8
Roger_Hodgson	wikicat_British_composers	11	3	8
Fred_Frith	wikicat_Rock_musicians	13	5	8
Flamurtari_Vlorë	wordnet_club_108227214	9	1	8
Portimonense_S.C.	wikicat_Association_football_clubs_established_in_1914	82	74	8
David_Craig_(Scottish_footballer)	wikicat_Hamilton_Academical_F.C._players	15	8	7
Sean_Flynn_(footballer)	wikicat_West_Bromwich_Albion_F.C._players	66	59	7
David_Seaman	wikicat_Arsenal_F.C._players	9	2	7
Stevenage	wikicat_New_towns_in_England	27	20	7
Robert_Bunsen	wikicat_German_chemists	11	4	7
Ambika_(actress)	wordnet_person_100007846	17	10	7
Robert_Rich_(musician)	wikicat_American_musicians	105	98	7
Newport_County_A.F.C.	wordnet_club_108227214	16	9	7
Robert_Anton_Wilson	wikicat_People_from_Brooklyn	20	13	7
Wu-Tang_Clan	wordnet_artist_109812338	8	1	7
War_of_the_Second_Coalition	wikicat_Wars_involving_Denmark	11	4	7
Oleksiy_Horodov	wikicat_PFC_Olexandria_players	23	16	7
Dario_Dabac	wikicat_Sanfrecce_Hiroshima_players	8	1	7
Lyndon_B._Johnson	wikicat_Vice_Presidents_of_the_United_States	15	8	7
Lester_James_Peries	wikicat_Living_people	10	3	7
Los_Angeles_International_Airport	wordnet_airport_102692232	8	1	7
Lee_Hyung-sang	wikicat_HNK_Šibenik_players	9	2	7
Goiás_Esporte_Clube	wordnet_club_108227214	10	3	7
Swindon_Town_F.C.	wikicat_Football_clubs_in_England	10	3	7
Otto_Szabó	wikicat_Debreceni_VSC_players	116	109	7
Saunders_Mac_Lane	wikicat_American_people	8	1	7
Ramesh_Aravind	wikicat_Male_actors_in_Tamil_cinema	12	5	7
Georges_Bataille	wikicat_French_novelists	10	3	7
Dick_Van_Dyke	wikicat_American_male_voice_actors	14	7	7
Mahesh_Babu	wikicat_Loyola_College,_Chennai_alumni	48	41	7
Danny_Califf	wikicat_American_soccer_players	10	3	7
Deportivo_Quito	wordnet_club_108227214	8	1	7
Cape_Town	wikicat_Port_cities	13	6	7
Manchester_Monarchs	wikicat_Sports_clubs_established_in_2001	28	21	7
Great_Turkish_War	wikicat_Wars_involving_Austria	12	5	7
Kathy_Bates	wikicat_21st-century_actresses	9	2	7
Jakarta	wordnet_administrative_district_108491826	15	8	7
Kim_Nam-il	wikicat_Suwon_Samsung_Bluewings_players	45	38	7
Robert_Enke	wikicat_FC_Barcelona_footballers	12	5	7
Mircea_Eliade	wikicat_Romanian_philosophers	13	6	7
Bobby_(2006_film)	wikicat_Spanish-language_films	108	101	7
Niš	wikicat_Archaeological_sites_in_Serbia	18	11	7
Chris_Coyne	wikicat_Australia_international_soccer_players	10	4	6
Palo_Alto,_California	wikicat_Cities_in_Santa_Clara_County,_California	8	2	6
Honolulu	wikicat_Port_cities	7	1	6
Raoul_Bott	wikicat_Algebraic_geometers	10	4	6
Lagos	wikicat_Port_cities	31	25	6
Maxime_Josse	wikicat_France_under-21_international_footballers	8	2	6
Friedrichshafen	wikicat_Populated_places_on_Lake_Constance	24	18	6
Maksym_Levytskyi	wikicat_Ligue_1_players	7	1	6
Abraham_Lincoln	wikicat_Assassinated_American_people	130	124	6
Young_Artist_Award	wikicat_American_film_awards	10	4	6
François_Remetter	wikicat_French_footballers	8	2	6
Florence	wikicat_World_Heritage_Sites_in_Italy	8	2	6
Armin_Veh	wikicat_German_expatriate_footballers	58	52	6
Nicaraguan_Revolution	wikicat_Guerrilla_wars	11	5	6
Lee_Johnson_(footballer)	wikicat_Football_Conference_players	24	18	6
Holy_Roman_Empire	wordnet_country_108544813	7	1	6
Vladimir_Vasilj	wikicat_NK_Varaždin_players	9	3	6
American_Revolutionary_War	wikicat_Wars_involving_France	7	1	6
David_Bohm	wikicat_Jewish_scientists	15	9	6
Karl_Popper	wikicat_Austrian_agnostics	116	110	6
Lucky_Idahor	wikicat_Expatriate_footballers_in_Azerbaijan	12	6	6
Victor_Weisskopf	wikicat_Guggenheim_Fellows	10	4	6
Poole	wikicat_Unitary_authority_districts_of_England	9	3	6
SC_Kriens	wordnet_club_108227214	9	3	6
Gustav_Kirchhoff	wikicat_Fellows_of_the_Royal_Society_of_Edinburgh	142	136	6
David_Bohm	wikicat_Jewish_American_scientists	37	31	6
Greifswald	wikicat_Port_cities	9	3	6
Alan_Heim	wikicat_Living_people	9	3	6
Cardiff	wikicat_British_capitals	31	25	6
Leominster,_Massachusetts	wikicat_Populated_places_established_in_1653	19	13	6
Williams_Martínez	wikicat_Expatriate_footballers_in_France	7	1	6
Borussia_Dortmund	wordnet_club_108227214	7	1	6
Aleksandar_Aleksandrov_(footballer_born_1975)	wikicat_PFC_Botev_Plovdiv_players	10	4	6
Zoran_Milinković_(footballer)	wikicat_Serbian_football_managers	15	9	6
Pierre_Méhaignerie	wikicat_French_Ministers_of_Agriculture	19	13	6
Marques_Houston	wikicat_American_male_singers	11	5	6
Joe_Bradshaw_(footballer)	wikicat_Chelsea_F.C._players	38	32	6
Ronald_Colman	wikicat_British_screenwriters	17	11	6
Fritz_Lang	wikicat_English-language_film_directors	8	2	6
Deportivo_Saprissa	wordnet_club_108227214	8	2	6
Mircea_Eliade	wikicat_Romanian_biographers	13	7	6
FC_Obolon_Kyiv	wikicat_Defunct_football_clubs_in_Ukraine	13	7	6
Admir_Bilibani	wikicat_FC_Lausanne-Sport_players	41	35	6
John_Adams	wikicat_Vice_Presidents_of_the_United_States	14	8	6
Gabon	wikicat_States_and_territories_established_in_1960	12	6	6
Mississippi_River	wikicat_Rivers_of_the_United_States	9	4	5
Andy_Millen	wikicat_Kilmarnock_F.C._players	46	41	5
Luis_García_(footballer,_born_1978)	wikicat_Spain_international_footballers	10	5	5
Olivier_Martinez	wikicat_French_male_film_actors	9	4	5
Baltimore_County,_Maryland	wordnet_county_108546183	6	1	5
Nathan_Abbey	wikicat_Stevenage_F.C._players	9	4	5
FK_Atlantas	wikicat_Football_clubs_in_the_Soviet_Union	7	2	5
Milan_Kundera	wikicat_French-language_writers	12	7	5
Nikica_Jelavić	wikicat_Austrian_Football_Bundesliga_players	7	2	5
Valéry_Giscard_d'Estaing	wikicat_Government_ministers_of_France	12	7	5
Marijan_Kovačević	wikicat_MSV_Duisburg_players	7	2	5
Charlotte_Gainsbourg	wikicat_French_singers	8	3	5
Namur	wordnet_administrative_district_108491826	21	16	5
Mojave_Desert	wikicat_Deserts_of_North_America	7	2	5
Ricardo_Rocha_(Portuguese_footballer)	wikicat_S.C._Braga_players	11	6	5
Dyron_Nix	wikicat_American_expatriate_basketball_people_in_France	12	7	5
Santos	wikicat_Port_cities_in_Brazil	6	1	5
Greg_Strong	wikicat_Scottish_Premier_League_players	6	1	5
Simon_Donaldson	wikicat_British_mathematicians	9	4	5
Charlie_Chaplin	wikicat_British_artists	11	6	5
Bud_Molin	wordnet_person_100007846	7	2	5
S.S._Lazio	wikicat_Multi-sport_clubs_in_Italy	23	18	5
Thom_Yorke	wikicat_British_composers	12	7	5
Chad_Harpur	wikicat_Dundee_F.C._players	6	1	5
Paul_Konchesky	wikicat_Leicester_City_F.C._players	12	7	5
Avignon	wikicat_Prefectures_in_France	7	2	5
Harvey_Prize	wikicat_International_awards	17	12	5
Ittihad_FC	wordnet_club_108227214	7	2	5
Apocalypse_Now	wikicat_American_war_films	6	1	5
Ricky_Gervais	wikicat_English_television_actors	8	3	5
Mario_Bolatti	wikicat_Expatriate_footballers_in_Italy	7	2	5
Pat_Morita	wikicat_Actors_from_California	83	78	5
Praemium_Imperiale	wikicat_International_music_awards	28	23	5
Sociedade_Esportiva_do_Gama	wikicat_Football_clubs_in_Brazil	7	2	5
Mel_Tormé	wikicat_Atlantic_Records_artists	33	28	5
BC_Avtodor_Saratov	wordnet_club_108227214	17	12	5
Raša,_Istria_County	wikicat_Municipalities_of_Croatia	6	1	5
Béla_Sárosi	wikicat_Hungary_international_footballers	7	2	5
Gianfranco_Labarthe	wikicat_Torneo_Descentralizado_footballers	10	5	5
Jonathan_Walters	wikicat_English_footballers	6	1	5
Dorge_Kouemaha	wikicat_Gaziantepspor_footballers	62	57	5
Uvalde,_Texas	wikicat_County_seats_in_Texas	6	1	5
University_of_Münster	wikicat_Universities_in_Germany	6	1	5
Edward_Burns	wikicat_American_people_of_Irish_descent	15	10	5
Ibón_Gutiérrez	wikicat_CD_Basconia_footballers	11	6	5
Fredrik_Björck	wikicat_AIK_Fotboll_players	10	5	5
Gdynia	wikicat_Port_cities_and_towns_in_Poland	9	4	5
Jonathan_Walters	wikicat_Crewe_Alexandra_F.C._players	19	14	5
Stuart_Nicholson	wikicat_Tamworth_F.C._players	6	1	5
Lionel_Jospin	wikicat_Lycée_Janson_de_Sailly_alumni	18	13	5
Ezequiel_Lavezzi	wikicat_Argentine_people_of_Italian_descent	9	4	5
50_Cent	wikicat_American_male_singers	16	11	5
Ravi_Shankar	wikicat_20th-century_composers	6	1	5
Jimmy_Ghaichem	wikicat_Buxton_F.C._players	201	196	5
Miloš_Kolaković	wikicat_Nea_Salamis_FC_players	37	32	5
Kerala_State_Film_Award	wikicat_Indian_film_awards	10	5	5
Jacques_Chirac	wikicat_French_interior_ministers	32	27	5
Katsuhiro_Otomo	wikicat_Manga_artists	6	1	5
Stan_Laurel	wikicat_English_male_comedians	35	30	5
Indios_de_Ciudad_Juárez	wikicat_Ascenso_MX_teams	8	3	5
John_G._Thompson	wikicat_Living_people	8	3	5
Dimba	wikicat_América_Futebol_Clube_(MG)_players	95	90	5
Carlos_Pavón	wikicat_2010_FIFA_World_Cup_players	11	7	4
Sudan	wikicat_Least_developed_countries	5	1	4
Indian_Ocean	wikicat_Oceans	5	1	4
San_Lorenzo_de_Almagro	wikicat_Football_clubs_in_Buenos_Aires	7	3	4
Aleš_Pikl	wikicat_Czech_Republic_under-21_international_footballers	8	4	4
Rudolf_Peierls	wikicat_Ethnic_German_people	7	3	4
John_Ireland_(actor)	wikicat_People_from_New_York_City	9	5	4
Mercedes_Lackey	wikicat_Fantasy_writers	7	3	4
Deportivo_de_La_Coruña	wikicat_Galician_football_clubs	9	5	4
Royal_Medal	wikicat_Biology_awards	38	34	4
Islamabad	wikicat_Planned_capitals	5	1	4
French_language	wikicat_Languages_of_Lebanon	8	4	4
Sri_Lanka	wikicat_Member_states_of_the_South_Asian_Association_for_Regional_Cooperation	10	6	4
Olivier_Martinez	wikicat_Male_actors_from_Paris	8	4	4
Lisbon_Region	wikicat_NUTS_2_statistical_regions_of_the_European_Union	6	2	4
English_language	wikicat_Languages_of_the_United_States	14	10	4
Harrogate_Town_F.C.	wordnet_club_108227214	6	2	4
Holger_Fach	wikicat_2._Bundesliga_managers	7	3	4
Rosa_Luxemburg	wikicat_German_revolutionaries	18	14	4
Jane_Wyman	wikicat_American_women	177	173	4
Freeman_Dyson	wikicat_Science_writers	8	4	4
Søren_Larsen	wikicat_Denmark_under-21_international_footballers	9	5	4
Rome	wikicat_Holy_cities	6	2	4
Augsburg	wordnet_country_108544813	8	4	4
Stephen_Hawking	wikicat_Theoretical_physicists	36	32	4
Richard_Garcia	wikicat_Sydney_FC_players	64	60	4
Port-au-Prince	wikicat_Capitals_in_North_America	5	1	4
Alexandre_Millerand	wikicat_French_socialists	15	11	4
Tacloban	wikicat_Provincial_capitals_of_the_Philippines	6	2	4
Eau_Claire,_Wisconsin	wordnet_administrative_district_108491826	10	6	4
Valencia_BC	wikicat_Basketball_clubs_established_in_1986	428	424	4
Kittitas_County,_Washington	wikicat_Washington_(state)_counties	5	1	4
Gary_Moore	wikicat_Rock_guitarists	11	7	4
Arvid_E._Gillstrom	wikicat_American_film_directors	13	9	4
Kolkata	wikicat_Port_cities	11	7	4
Amarjeet_Sohi	wikicat_Living_people	5	1	4
Zhejiang	wikicat_Administrative_divisions_of_China	6	2	4
Buckethead	wikicat_Lead_guitarists	16	12	4
Migen_Memelli	wikicat_KS_Teuta_Durrës_players	5	1	4
Neil_Jordan	wikicat_Irish_writers	10	6	4
Fernando_Varela_Ramos	wikicat_Real_Betis_footballers	9	5	4
Matthew_Broderick	wikicat_American_musical_theatre_actors	56	52	4
Kuwait_City	wikicat_Port_cities_and_towns_of_the_Persian_Gulf	8	4	4
Michael_Atiyah	wikicat_Presidents_of_the_Royal_Society	71	67	4
Putrajaya	wikicat_Special_Economic_Zones	40	36	4
June_Allyson	wikicat_People_from_New_York_City	5	1	4
Madeleine_Carroll	wikicat_English_actresses	7	3	4
Genoa	wikicat_Roman_towns_and_cities_in_Italy	9	5	4
Dennis_William_Sciama	wikicat_Academics_of_the_University_of_Cambridge	6	2	4
Southampton_F.C.	wikicat_Football_League_Championship_clubs	8	4	4
Thomas_Jefferson	wikicat_State_governors_of_the_United_States	89	85	4
Hendrich_Miller_Meireles_Bernardo	wikicat_Living_people	5	1	4
Maksym_Levytskyi	wikicat_Ukrainian_expatriate_footballers	32	28	4
St_Asaph	wikicat_Towns_in_Denbighshire	6	2	4
Evesham_United_F.C.	wordnet_club_108227214	5	1	4
Craig_Nelson_(footballer)	wikicat_Brechin_City_F.C._players	6	2	4
Ioan_Sabău	wikicat_Brescia_Calcio_players	69	65	4
Anel_Canales	wikicat_Once_Municipal_footballers	11	7	4
Alex_Afonso	wikicat_Ituano_Futebol_Clube_players	47	43	4
Gustav_Kirchhoff	wikicat_Fellows_of_the_Royal_Society	6	2	4
Hannah-Beth_Jackson	wikicat_Living_people	8	4	4
Marcinho_Guerreiro	wikicat_Campeonato_Brasileiro_Série_A_footballers	8	4	4
FC_Levadia_Tallinn	wikicat_Meistriliiga_clubs	5	1	4
Saskatoon_Blades	wikicat_Ice_hockey_teams_in_Canada	7	3	4
Caroline_Seger	wikicat_2011_FIFA_Women's_World_Cup_players	9	5	4
Nawaz_Sharif	wikicat_Pakistani_people	6	2	4
Carlisle_United_F.C.	wordnet_club_108227214	5	1	4
Tarlan_Ahmadov	wikicat_PFK_Turan_players	9	5	4
Kent_O'Connor	wikicat_Naturalized_citizens_of_Canada	10	6	4
George_H._W._Bush	wikicat_20th-century_American_writers	12	8	4
Vampeta	wikicat_2001_FIFA_Confederations_Cup_players	75	71	4
Kim_Nam-il	wikicat_2002_FIFA_World_Cup_players	7	3	4
Falkirk	wikicat_Cities_in_Scotland	8	4	4
Alhassane_Issoufou	wikicat_Niger_international_footballers	75	71	4
Rotherham_United_F.C.	wikicat_Football_League_clubs	5	1	4
Radosław_Kałużny	wikicat_Bayer_04_Leverkusen_players	5	2	3
Order_of_the_Holy_Spirit	wikicat_Civil_awards_and_decorations_of_France	12	9	3
Virtus_Entella	wikicat_Lega_Pro_Seconda_Divisione_clubs	4	1	3
Colin_Firth	wikicat_Living_people	4	1	3
Charles_de_Gaulle	wikicat_20th-century_French_politicians	6	3	3
Joe_Cocker	wikicat_English_rock_singers	9	6	3
Cornwall	wikicat_NUTS_2_statistical_regions_of_the_United_Kingdom	10	7	3
Jaipur	wikicat_Planned_cities_in_India	10	7	3
Carlos_Salazar_(Colombian_footballer)	wikicat_People_from_Cali	7	4	3
Mario_Cáceres	wikicat_Chilean_Primera_División_players	9	6	3
John_Ireland_(actor)	wikicat_American_television_actors	7	4	3
Hinsdale,_Illinois	wikicat_Villages_in_Illinois	6	3	3
Cornel_Dobre	wikicat_FC_Dinamo_București_players	6	3	3
Talia_Shire	wikicat_Actors_from_New_York	13	10	3
Estudiantes_de_La_Plata	wordnet_club_108227214	17	14	3
Adam_Rooney	wikicat_Scottish_Football_League_players	9	6	3
Pim_Fortuyn_List	wikicat_Political_parties_disestablished_in_2007	142	139	3
Delta_Goodrem	wikicat_Australian_television_actresses	8	5	3
Émerson_Leão	wikicat_Brazil_international_footballers	7	4	3
Valencia	wikicat_World_Heritage_Sites_in_Spain	4	1	3
Olympique_Lyonnais	wikicat_G-14_clubs	5	2	3
Peter_David	wikicat_Jewish_American_writers	33	30	3
John_O'Rourke_(footballer)	wikicat_A.F.C._Bournemouth_players	61	58	3
Itay_Shechter	wikicat_Israeli_expatriate_footballers	5	2	3
NK_GOŠK_Gabela	wordnet_club_108227214	4	1	3
Culture_Club	wikicat_English_New_Wave_musical_groups	8	5	3
Nozomi_Hiroyama	wikicat_Expatriate_footballers_in_France	6	3	3
John_Maynard_Keynes	wordnet_economist_110043643	6	3	3
FC_Chiasso	wikicat_Football_clubs_in_Switzerland	8	5	3
Laurent_Fabius	wikicat_French_Ministers_of_Finance	7	4	3
Nicolás_Diez	wikicat_Everton_de_Viña_del_Mar_players	26	23	3
Berkeley,_California	wordnet_administrative_district_108491826	4	1	3
Jennifer_Lopez	wikicat_American_voice_actors	6	3	3
Denis_Leary	wikicat_American_television_actors	6	3	3
Fidesz	wikicat_Christian_democratic_parties	13	10	3
Jean_Harlow	wikicat_20th-century_actors	7	4	3
Merthyr_Tydfil	wikicat_Post_towns_in_the_CF_postcode_area	16	13	3
Émile_Mpenza	wikicat_Belgium_international_footballers	45	42	3
Sunil_Shetty	wikicat_Actors	13	10	3
Scott_Willis_(footballer)	wikicat_Leigh_Genesis_F.C._players	6	3	3
Luxembourg_(city)	wikicat_Towns_in_Luxembourg	4	1	3
SC_Verl	wikicat_Football_clubs_in_North_Rhine-Westphalia	4	1	3
Bănel_Nicoliță	wikicat_UEFA_Euro_2008_players	27	24	3
Dan_Aykroyd	wikicat_Canadian_television_comedians	17	14	3
Jim_Kerr_(footballer_born_1959)	wikicat_Hamilton_Academical_F.C._players	5	2	3
Vyacheslav_Sviderskyi	wikicat_FC_Alania_Vladikavkaz_players	20	17	3
Canada	wikicat_Member_states_of_the_Commonwealth_of_Nations	6	3	3
Darren_Mansaram	wikicat_English_footballers	4	1	3
Steven_Tyler	wikicat_American_people_of_German_descent	13	10	3
Alfonso_Blanco_Antúnez	wikicat_Cruz_Azul_footballers	8	5	3
Burhan_Eşer	wikicat_Sivasspor_footballers	8	5	3
Tamia	wikicat_Women	4	1	3
Erik_Edman	wikicat_Expatriate_footballers_in_Germany	6	3	3
George_Carlin	wikicat_American_stand-up_comedians	8	5	3
Narbonne	wikicat_Archaeological_sites_in_France	4	1	3
Boston_Breakers	wikicat_Massachusetts_soccer_clubs	4	1	3
Empoli_F.C.	wikicat_Football_clubs_in_Tuscany	9	6	3
Piotr_Rocki	wikicat_Górnik_Zabrze_players	9	6	3
Walter_Novellino	wikicat_21st-century_Italian_people	5	2	3
Stephen_Dorff	wikicat_21st-century_American_male_actors	9	6	3
Nick_Cave	wikicat_Musicians_from_Melbourne	31	28	3
Nikolai_Olenikov	wikicat_Russian_footballers	8	5	3
Ludwig_Boltzmann	wikicat_Austrian_physicists	12	9	3
Polonia_Warsaw	wordnet_club_108227214	4	1	3
Estonia	wikicat_Baltic_states	11	8	3
Queensland	wikicat_States_and_territories_of_Australia	46	43	3
American_Samoa	wordnet_country_108544813	5	2	3
George_Gebro	wikicat_Ethnikos_Achna_FC_players	9	6	3
FC_Progresul_București	wordnet_club_108227214	4	1	3
West_Oxfordshire	wikicat_Local_government_districts_of_South_East_England	4	1	3
Sheffield	wikicat_Cities_in_England	5	2	3
Daphne_du_Maurier	wikicat_English_writers	4	1	3
Liam_Neeson	wikicat_American_people	10	7	3
Poznań_County	wikicat_Land_counties_of_Greater_Poland_Voivodeship	5	2	3
Xi'an	wikicat_Sub-provincial_cities_in_the_People's_Republic_of_China	8	5	3
IF_Björklöven	wikicat_Ice_hockey_teams_in_Sweden	6	3	3
Iván_Obolo	wikicat_Expatriate_footballers_in_Italy	5	2	3
Reinaldo_da_Cruz_Oliveira	wikicat_Suwon_Samsung_Bluewings_players	6	3	3
Eduardo_Costa	wikicat_Club_de_Regatas_Vasco_da_Gama_players	122	119	3
Aleksandar_Bajevski	wikicat_Macedonian_footballers	5	2	3
Delta_Goodrem	wikicat_Australian_film_actors	8	5	3
Dave_Mitchell_(footballer)	wikicat_Australian_soccer_players	4	1	3
Robert_Fogel	wordnet_economist_110043643	4	1	3
Gabriel_Urdaneta	wikicat_Venezuelan_footballers	6	3	3
Meryl_Streep	wikicat_Actors_from_New_Jersey	5	2	3
Bob_Hope	wikicat_Comedians	6	3	3
Jari_Litmanen	wikicat_La_Liga_footballers	4	1	3
Oleg_Veretennikov	wikicat_FC_Rotor_Volgograd_players	15	12	3
Mario_Regueiro	wikicat_Primera_División_Argentina_players	5	2	3
Mattia_Biso	wikicat_Italian_footballers	7	4	3
Macau	wikicat_Cities_in_China	5	2	3
Manuel_Márquez_de_León_International_Airport	wikicat_Airports_in_Mexico	34	31	3
Jim_Kerr_(footballer_born_1959)	wikicat_Partick_Thistle_F.C._players	5	2	3
Kassel	wikicat_Districts_of_Hesse	5	2	3
Oracle_Corporation	wikicat_Publicly_traded_companies_of_the_United_States	4	1	3
Stephan_Kling	wikicat_Association_football_defenders	11	8	3
Nick_Wright_(footballer_born_1987)	wikicat_Lincoln_City_F.C._players	3	1	2
George_Santayana	wikicat_American_writers	5	3	2
Vladislav_Stoyanov	wikicat_Neftochimic_Burgas_players	9	7	2
Aritz_Aduriz	wikicat_Association_football_forwards	5	3	2
Harrison_Omoko	wikicat_FC_Arsenal_Kyiv_players	3	1	2
Dessau	wikicat_World_Heritage_Sites_in_Germany	43	41	2
Yuriy_Tselykh	wikicat_FC_Metalist_Kharkiv_players	6	4	2
Tommy_Tynan	wikicat_Swansea_City_A.F.C._players	6	4	2
Maurice_Blanchot	wordnet_writer_110794014	5	3	2
Amartya_Sen	wordnet_economist_110043643	4	2	2
Robert_Rodriguez	wikicat_American_film_producers	4	2	2
Nelson_Benítez	wikicat_Expatriate_footballers_in_Portugal	5	3	2
Émile_Durkheim	wikicat_French_philosophers	3	1	2
Order_of_the_Aztec_Eagle	wikicat_Civil_awards_and_decorations	5	3	2
Bănel_Nicoliță	wikicat_Expatriate_footballers_in_France	4	2	2
César_Award	wikicat_French_awards	47	45	2
José_Luis_Garcés	wikicat_San_Francisco_F.C._footballers	3	1	2
Beitar_Jerusalem_F.C.	wikicat_Football_clubs_in_Israel	3	1	2
Aarón_Ñíguez	wikicat_Spanish_footballers	3	1	2
Amartya_Sen	wordnet_scientist_110560637	3	1	2
Jomo_Cosmos_F.C.	wordnet_club_108227214	3	1	2
Moldova	wikicat_Russian-speaking_countries_and_territories	3	1	2
Wismar	wikicat_Populated_coastal_places_in_Germany_(Baltic_Sea)	5	3	2
Ernst_Mach	wikicat_Philosophers_of_science	14	12	2
Nico_Claesen	wikicat_1990_FIFA_World_Cup_players	43	41	2
Alfred_Hörtnagl	wikicat_Austria_international_footballers	4	2	2
George_W._Bush	wikicat_American_people_of_Scottish_descent	3	1	2
John_Badham	wikicat_American_television_directors	7	5	2
C.A._River_Plate	wikicat_Multi-sport_clubs_in_Argentina	5	3	2
Debbie_Reynolds	wikicat_American_people_of_English_descent	5	3	2
Léon_Brillouin	wikicat_French_people	3	1	2
Chris_Coyne	wikicat_Perth_Glory_FC_players	4	2	2
NK_Posušje	wordnet_club_108227214	5	3	2
Gerald_Ford	wikicat_American_lawyers	37	35	2
Tigres_UANL	wordnet_club_108227214	15	13	2
Jade_North	wikicat_Olympic_soccer_players_of_Australia	9	7	2
Associação_Atlética_Internacional_(Limeira)	wikicat_Association_football_clubs_established_in_1913	3	1	2
Jeffrey_Jones	wikicat_Stage_actors	29	27	2
Diego_Perrone	wikicat_Uruguayan_footballers	4	2	2
Collins_John	wikicat_Expatriate_footballers_in_England	4	2	2
Meerut_district	wikicat_Districts_of_India	3	1	2
George_W._Bush	wikicat_American_people_of_Irish_descent	3	1	2
Georg_Wilhelm_Friedrich_Hegel	wikicat_Protestant_philosophers	3	1	2
San_Pablo_Airport	wikicat_Airports_in_Europe	4	2	2
John_Cleese	wikicat_British_film_actors	3	1	2
Fortaleza	wordnet_administrative_district_108491826	3	1	2
Dorival_Júnior	wikicat_Living_people	3	1	2
Netherlands	wikicat_Germanic_countries_and_territories	3	1	2
Haiti	wikicat_Member_states_of_the_Caribbean_Community	7	5	2
Gliwice	wikicat_Cities_in_Silesia	3	1	2
Yuen_Biao	wikicat_Chinese_actors	9	7	2
Allan_Michaelsen	wikicat_Danish_football_managers	6	4	2
Émile_Mpenza	wikicat_Swiss_Super_League_players	4	2	2
Nobel_Prize_in_Physics	wikicat_Physics_awards	3	1	2
Cincinnati_Mighty_Ducks	wikicat_Defunct_ice_hockey_teams	9	7	2
East_Timor	wikicat_Least_developed_countries	6	4	2
Olivia_Newton-John	wikicat_Australian_television_actors	3	1	2
Donald_Davidson_(philosopher)	wikicat_American_philosophers	3	1	2
Mario_Bolatti	wikicat_Primera_División_Argentina_players	3	1	2
Luis_Flores_(basketball)	wikicat_Point_guards	28	26	2
East_Carolina_University	wikicat_Universities_and_colleges_in_North_Carolina	11	9	2
Marc_Anthony	wikicat_American_male_singers	5	3	2
Jennifer_Lopez	wikicat_21st-century_actresses	22	20	2
Kung_Fu_Panda	wikicat_Paramount_Pictures_films	7	5	2
Ton_Pentre_F.C.	wordnet_club_108227214	12	10	2
Tupac_Shakur	wikicat_Rappers_from_New_York_City	8	6	2
Heiðar_Helguson	wikicat_Expatriate_footballers_in_England	6	4	2
Alkaline_Trio	wikicat_Epic_Records_artists	27	25	2
Virginia_Commonwealth_University	wikicat_Public_universities	3	1	2
Syarhey_Kuznyatsow	wikicat_Belarusian_footballers	47	45	2
Aarón_Ñíguez	wikicat_UD_Almería_footballers	28	26	2
Terence_Tao	wikicat_People_from_Los_Angeles,_California	45	43	2
Živan_Ljukovčan	wikicat_Association_football_goalkeepers_who_have_scored	4	2	2
Evgeny_Yarovenko	wikicat_Olympic_medalists_in_football	46	44	2
Raf_de_Gregorio	wikicat_Football_Kingz_F.C._players	3	1	2
Hòa_Bình_Province	wikicat_Provinces_of_Vietnam	4	2	2
Cole_Porter	wikicat_Musical_theatre_composers	7	5	2
Marcos_Alonso_Peña	wikicat_Racing_de_Santander_managers	3	1	2
Johnny_Taylor_(basketball)	wikicat_CB_Lucentum_Alicante_players	3	1	2
Don_Hutchison	wikicat_Scotland_B_international_footballers	10	8	2
Agnes_Moorehead	wikicat_American_people_of_Irish_descent	5	3	2
Fleetwood_Town_F.C.	wordnet_club_108227214	3	1	2
Greg_Bear	wikicat_American_writers	3	1	2
Tim_Berners-Lee	wikicat_British_physicists	15	13	2
Josh_Schwartz	wikicat_Television_producers	15	13	2
Mounir_El_Hamdaoui	wikicat_Serie_A_footballers	3	1	2
Mauricio_Hanuch	wikicat_Estudiantes_de_La_Plata_footballers	5	3	2
Vladivostok	wikicat_Port_cities_and_towns_in_Russia	3	1	2
Luton	wikicat_Unitary_authority_districts_of_England	21	19	2
Džoni_Novak	wikicat_Expatriate_footballers_in_France	4	2	2
Agustín_Castillo	wikicat_Expatriate_footballers_in_Costa_Rica	11	9	2
FC_Lokomotiv_Nizhny_Novgorod	wikicat_Football_clubs_in_Russia	3	1	2
Hume_City_FC	wikicat_National_Premier_Leagues_clubs	3	1	2
Alekos_Alekou	wikicat_Aris_Limassol_players	15	13	2
Rovigo_Calcio	wordnet_club_108227214	3	1	2
Beerschot_AC	wordnet_club_108227214	3	1	2
Silver_Star	wikicat_Military_awards_and_decorations_of_the_United_States	3	1	2
Christopher_Reeve	wikicat_Actors_from_New_York_City	5	3	2
U.S._Cremonese	wikicat_Association_football_clubs_established_in_1910	25	23	2
Lionel_Jospin	wikicat_French_socialists	4	2	2
Umut_Kekıllı	wikicat_German_people_of_Turkish_descent	17	15	2
Søren_Larsen	wikicat_Ligue_1_players	3	1	2
Rosemary_Clooney	wikicat_People_from_Los_Angeles,_California	4	2	2
Mario_Bolatti	wikicat_Argentina_international_footballers	3	1	2
Émile_Mpenza	wikicat_Hamburger_SV_players	5	3	2
Ajax_Cape_Town_F.C.	wikicat_Premier_Soccer_League_clubs	4	2	2
Eric_Idle	wikicat_British_artists	3	1	2
Edward_L._Cahn	wikicat_Film_directors_from_New_York_City	678	676	2
Tony_Bennett	wikicat_20th-century_American_singers	8	6	2
Leoben_District	wikicat_Districts_of_Austria	5	3	2
Augsburg	wordnet_location_100027167	3	1	2
Greater_St._Louis	wordnet_administrative_district_108491826	3	1	2
Leicester	wordnet_site_108651247	4	2	2
Barack_Obama	wikicat_Living_people	6	4	2
Giovanny_Espinoza	wikicat_Ecuador_international_footballers	9	7	2
Vlatko_Marković	wikicat_GNK_Dinamo_Zagreb_managers	4	2	2
Valéry_Giscard_d'Estaing	wikicat_Lycée_Janson_de_Sailly_alumni	17	16	1
All_Boys	wikicat_Basketball_teams_in_Buenos_Aires	7	6	1
Liv_Tyler	wikicat_20th-century_actresses	4	3	1
Thom_Yorke	wikicat_English_rock_singers	10	9	1
Allan_Michaelsen	wikicat_Bundesliga_players	7	6	1
Bernie_Mac	wikicat_American_people	2	1	1
Émile_Mpenza	wikicat_Expatriate_footballers_in_Switzerland	3	2	1
Serge_Gainsbourg	wikicat_French_writers	9	8	1
Julio_Bevacqua	wikicat_Expatriate_footballers_in_Greece	2	1	1
Kathy_Bates	wikicat_20th-century_actresses	2	1	1
Toruń_County	wikicat_Land_counties_of_Kuyavian-Pomeranian_Voivodeship	4	3	1
Andrey_Yeshchenko	wikicat_Russian_footballers	3	2	1
Robert_Silverberg	wikicat_American_writers	2	1	1
Golden_Globe_Award	wikicat_American_television_awards	2	1	1
Intel	wikicat_Computer_companies_of_the_United_States	4	3	1
Olubayo_Adefemi	wikicat_Olympic_footballers_of_Nigeria	15	14	1
Brisbane_Roar_FC	wordnet_club_108227214	2	1	1
Alojz_Rebula	wikicat_Slovenian_dramatists_and_playwrights	2	1	1
George_Lawrence_(footballer)	wikicat_English_footballers	3	2	1
Heilbronn	wikicat_Cities_in_Baden-Württemberg	3	2	1
Fernando_Varela_Ramos	wikicat_Spanish_people	10	9	1
Hermanni_Vuorinen	wikicat_Finland_international_footballers	3	2	1
Baie-Comeau	wikicat_Cities_and_towns_in_Quebec	2	1	1
Qingdao	wikicat_Sub-provincial_cities_in_the_People's_Republic_of_China	2	1	1
Raf_de_Gregorio	wikicat_National_Soccer_League_(Australia)_players	10	9	1
Szczecin	wikicat_Port_cities	2	1	1
Rosa_Luxemburg	wikicat_Polish_people	3	2	1
Mohéli	wikicat_Island_countries	3	2	1
George_Clinton_(musician)	wikicat_21st-century_American_singers	4	3	1
Northern_Region,_Ghana	wikicat_Regions_of_Ghana	2	1	1
Emeryville,_California	wordnet_administrative_district_108491826	2	1	1
Paul_Dickov	wikicat_Scottish_footballers	2	1	1
Alicia_Silverstone	wikicat_American_television_actors	2	1	1
Dorin_Goian	wikicat_Romanian_footballers	2	1	1
Leonid_Hurwicz	wikicat_Jewish_scientists	6	5	1
Uladzimir_Karytska	wikicat_Belarusian_expatriate_footballers	24	23	1
Madeleine_Carroll	wikicat_English_film_actresses	2	1	1
Foeke_Booy	wikicat_FC_Groningen_players	3	2	1
Sport_Boys	wordnet_club_108227214	2	1	1
Luxembourg	wikicat_Germanic_countries_and_territories	2	1	1
Anton_Žlogar	wikicat_Slovenia_international_footballers	3	2	1
Marburg	wikicat_University_towns_in_Germany	2	1	1
Barry_Manilow	wikicat_American_singers	4	3	1
Bruce_Dickinson	wikicat_English_rock_singers	5	4	1
Tanya_Tucker	wordnet_artist_109812338	2	1	1
Greg_Bear	wikicat_Worldcon_Guests_of_Honor	7	6	1
Margaret_Sullavan	wikicat_Actors	2	1	1
Djamel_Abdoun	wikicat_Ligue_2_players	3	2	1
Maurice_Ross	wikicat_Scottish_footballers	2	1	1
Brendan_Fraser	wikicat_American_voice_actors	6	5	1
Michel_Debré	wikicat_20th-century_French_politicians	3	2	1
Charleston_Battery	wikicat_Soccer_clubs_in_the_United_States	2	1	1
László_Klausz	wikicat_Hungarian_footballers	2	1	1
Châtenay-Malabry	wikicat_Communes_of_Hauts-de-Seine	2	1	1
Faith_Evans	wikicat_American_singers	2	1	1
Niklas_Andersen	wikicat_German_footballers	4	3	1
Aldo_Adorno	wikicat_Paraguayan_footballers	3	2	1
Italian_Campaign_(World_War_II)	wordnet_conflict_100958896	2	1	1
Christian_Alder	wikicat_German_footballers	3	2	1
Marvin_Minsky	wikicat_American_mathematicians	20	19	1
R.A.A._Louviéroise	wordnet_club_108227214	3	2	1
Yevhen_Lutsenko	wikicat_FC_Zorya_Luhansk_players	4	3	1
Peter_Kropotkin	wikicat_Russian_writers	3	2	1
Hristo_Stoichkov	wikicat_PFC_CSKA_Sofia_players	4	3	1
Yago_Alonso-Fueyo_Sako	wikicat_Recreativo_de_Huelva_footballers	20	19	1
Richard_Francis-Bruce	wikicat_Australian_people	4	3	1
Wydad_Casablanca	wikicat_Football_clubs_in_Morocco	2	1	1
Jared_Borgetti	wikicat_C.F._Pachuca_footballers	2	1	1
Hugo_Carreira	wikicat_Portugal_youth_international_footballers	5	4	1
Marc_Anthony	wikicat_American_male_film_actors	3	2	1
Dorin_Goian	wikicat_Expatriate_footballers_in_Greece	2	1	1
Ger_Rowe	wikicat_Ballymena_United_F.C._players	2	1	1
Sergey_Timofeev	wikicat_Kazakhstani_footballers	2	1	1
Bronisław_Komorowski	wikicat_Grand_Officers_of_the_Order_of_Merit_of_the_Italian_Republic	3	2	1
Tommy_Gaynor	wikicat_Cork_City_F.C._players	2	1	1
Kingdom_of_Bavaria	wikicat_States_of_the_German_Confederation	2	1	1
University_of_Hawaii_at_Manoa	wikicat_Land-grant_universities_and_colleges	3	2	1
Alfonso_Blanco_Antúnez	wikicat_Mexican_footballers	21	20	1
Teri_Hatcher	wikicat_20th-century_actors	7	6	1
Fernando_Varela_Ramos	wikicat_Spanish_footballers	2	1	1
Nobles_County,_Minnesota	wordnet_county_108546183	2	1	1
Ricky_Gervais	wikicat_Actors	2	1	1
Hinsdale,_Illinois	wikicat_Villages_in_Cook_County,_Illinois	3	2	1
Gerard_Butler	wikicat_British_people	2	1	1
Edinburgh_Airport	wordnet_airport_102692232	2	1	1
Daniel_Arismendi	wikicat_Venezuelan_expatriate_footballers	4	3	1
Srgjan_Zaharievski	wikicat_Macedonian_expatriate_footballers	2	1	1
Mamadou_Bagayoko	wikicat_Ligue_2_players	4	3	1
Ioan_Sabău	wikicat_CFM_U_Cluj_players	6	5	1
Germán_Herrera	wikicat_San_Lorenzo_footballers	6	5	1
Histoire(s)_du_cinéma	wikicat_French_films	7	6	1
Bernard_Hill	wikicat_British_actors	3	2	1
Terence_McKenna	wikicat_20th-century_American_writers	2	1	1
Subrahmanyan_Chandrasekhar	wikicat_20th-century_mathematicians	2	1	1
Peter_Fonda	wikicat_American_film_producers	6	5	1
Prithviraj_Sukumaran	wikicat_Male_actors_in_Hindi_cinema	3	2	1
Irvine,_North_Ayrshire	wikicat_Ports_and_harbours_of_Scotland	4	3	1
Maroš_Klimpl	wikicat_Expatriate_footballers_in_the_Czech_Republic	4	3	1
Västra_Götaland_County	wikicat_Provinces_of_Sweden	11	10	1
Steven_Weinberg	wikicat_Jewish_physicists	2	1	1
Pińczów_County	wikicat_Counties_of_Poland	3	2	1
Suwałki_County	wikicat_Land_counties_of_Podlaskie_Voivodeship	2	1	1
Ingolstadt	wikicat_University_towns_in_Germany	3	2	1
Debbie_Reynolds	wikicat_American_musical_theatre_actresses	34	33	1
Cameroon	wikicat_Member_states_of_the_Commonwealth_of_Nations	4	3	1
Nainital_district	wikicat_Districts_of_Uttarakhand	2	1	1
CD_Numancia	wikicat_Multi-sport_clubs_in_Spain	3	2	1
FC_Steaua_București	wikicat_Liga_I_clubs	2	1	1
Foeke_Booy	wikicat_FC_Utrecht_players	3	2	1
Martin_Heidegger	wikicat_Continental_philosophers	4	3	1
Sivaji_Ganesan	wikicat_Actors_in_Tamil_cinema	8	7	1
Kjetil_Wæhler	wikicat_Norwegian_footballers	2	1	1
Bohol	wikicat_Provinces_of_the_Philippines	8	7	1
Jonathan_Lethem	wikicat_21st-century_American_writers	3	2	1
Kuwait	wikicat_Member_states_of_the_Cooperation_Council_for_the_Arab_States_of_the_Gulf	5	4	1
Sandro_Calabro	wikicat_Eredivisie_players	2	1	1
Maurice_Ross	wikicat_Scotland_B_international_footballers	14	13	1
Tam_McManus	wikicat_Scottish_Premier_League_players	2	1	1
University_of_Rhode_Island	wikicat_Flagship_universities_in_the_United_States	2	1	1
Bernard_Cornwell	wikicat_English_writers	2	1	1
Carlos_Gamarra	wikicat_2002_FIFA_World_Cup_players	2	1	1
Ernest_Rutherford	wikicat_20th-century_physicists	2	1	1
Greta_Scacchi	wikicat_Australian_film_actresses	7	6	1
Aydın_Yılmaz	wikicat_Turkish_people	3	2	1
Aidan_Davison	wikicat_Hull_City_A.F.C._players	4	3	1
Carl_Sagan	wikicat_20th-century_American_writers	5	4	1
Veghel	wikicat_Cities_in_the_Netherlands	2	1	1
Sivaji_Ganesan	wikicat_Actors	2	1	1
Immanuel_Kant	wikicat_Political_philosophers	4	3	1
Jacques_Derrida	wikicat_20th-century_French_writers	6	5	1
Dumitru_Mitu	wikicat_Expatriate_footballers_in_Greece	2	1	1
Matthew_Broderick	wikicat_21st-century_American_actors	2	1	1
Little_Rock,_Arkansas	wikicat_Cities_in_Arkansas	5	4	1
Stephan_Kling	wikicat_Germany_B_international_footballers	5	4	1
Marvin_Minsky	wikicat_Harvard_University_alumni	9	8	1
Borough_of_Brentwood	wikicat_Local_government_districts_of_the_East_of_England	18	17	1
Dublin	wikicat_County_towns_in_the_Republic_of_Ireland	2	1	1
Bruno_Rodriguez	wikicat_Premier_League_players	3	2	1
Biloela	wikicat_Populated_places_in_Queensland	3	2	1
Aitor_Ocio	wikicat_Spanish_people	4	3	1
Aleksandar_Aleksandrov_(footballer_born_1975)	wikicat_Bulgarian_expatriates_in_Turkey	9	8	1
Matisyahu	wikicat_American_male_singers	4	3	1
University_of_San_Francisco	wikicat_Schools_accredited_by_the_Western_Association_of_Schools_and_Colleges	2	1	1
Andreas_Dahl	wikicat_Sweden_international_footballers	3	2	1
Ion_Vélez	wikicat_CD_Numancia_players	2	1	1
Yevhen_Lutsenko	wikicat_Swiss_Super_League_players	3	2	1
Yale_Law_School	wikicat_Law_schools	2	1	1
Daphne_du_Maurier	wikicat_British_historical_novelists	2	1	1
Julianne_Moore	wikicat_21st-century_American_actresses	2	1	1
Málaga	wordnet_administrative_district_108491826	2	1	1
Club_Atlético_Vélez_Sarsfield	wikicat_Multi-sport_clubs_in_Argentina	2	1	1
Nicaragua	wikicat_States_and_territories_established_in_1821	2	1	1
Spirits_of_the_Dead	wikicat_French-language_films	6	5	1
University_of_Adelaide	wikicat_Universities_in_Australia	2	1	1
Marcinho_Guerreiro	wikicat_Goiás_Esporte_Clube_players	2	1	1
A.S.G._Nocerina	wikicat_Lega_Pro_Prima_Divisione_clubs	2	1	1
Christopher_Reeve	wikicat_American_screenwriters	5	4	1
Carlos_María_Morales	wikicat_Deportivo_Toluca_F.C._footballers	125	124	1
Wolverhampton	wikicat_NUTS_3_statistical_regions_of_the_United_Kingdom	4	3	1
Autodromo_Nazionale_Monza	wordnet_venue_108677628	4	3	1
Nicollette_Sheridan	wikicat_English_actresses	3	2	1
Jair_Baylón	wikicat_Torneo_Descentralizado_footballers	4	3	1
Kamel_Larbi	wikicat_Ligue_1_players	2	1	1
Marcos_Alonso_Peña	wikicat_Sevilla_FC_managers	4	3	1
Flevoland	wikicat_NUTS_2_statistical_regions_of_the_European_Union	3	2	1
Branco_(footballer)	wikicat_Brazil_international_footballers	2	1	1
Nahdat_Berkane	wikicat_Football_clubs_in_Morocco	3	2	1
Ravenna_F.C.	wikicat_Serie_B_clubs	2	1	1
Jared_Borgetti	wikicat_Club_León_footballers	3	2	1
C._S._Lewis	wikicat_English-language_writers	2	1	1
South_Carolina	wikicat_States_of_the_Confederate_States_of_America	2	1	1
Kyra_Sedgwick	wikicat_Jewish_actors	26	25	1
Kim_Nam-il	wikicat_Expatriate_footballers_in_Japan	2	1	1
Keanu_Reeves	wikicat_Canadian_people_of_Irish_descent	2	1	1
Richard_Feynman	wikicat_Manhattan_Project_people	5	4	1
Saul_Kripke	wikicat_Analytic_philosophers	2	1	1
Viggo_Mortensen	wikicat_People_from_New_York_City	2	1	1
Milan_Purović	wikicat_Ukrainian_Premier_League_players	2	1	1
Poland	wikicat_States_and_territories_established_in_1918	8	7	1
Ioan_Sabău	wikicat_Romania_international_footballers	3	2	1
Belfast	wikicat_Port_cities_and_towns_in_Northern_Ireland	8	7	1
Brooke_Shields	wikicat_21st-century_actors	2	1	1
Hameur_Bouazza	wikicat_Expatriate_footballers_in_England	8	7	1
Richmond_Boakye	wikicat_People_from_Accra	2	1	1
Kenya	wikicat_East_African_countries	3	2	1
Manuel_Almunia	wikicat_Spanish_expatriate_footballers	4	3	1
Hilary_Duff	wikicat_21st-century_American_actresses	2	1	1
Andy_Williams_(Jamaican_footballer)	wikicat_Chicago_Fire_Soccer_Club_players	4	3	1
David_Hilbert	wikicat_German_mathematicians	3	2	1
Bruno_Alves	wikicat_Footballers_at_the_2004_Summer_Olympics	53	52	1
Roberto_Nurse	wikicat_Panamanian_expatriate_footballers	139	138	1
Ramesh_Aravind	wordnet_person_100007846	5	4	1
Danilo_Sacramento	wikicat_Guarani_Futebol_Clube_players	10	9	1
Communist_Party_of_Germany	wikicat_Political_parties_in_the_Weimar_Republic	11	10	1
Aydın_Yılmaz	wikicat_Turkey_youth_international_footballers	3	2	1
Louis_Pasteur	wikicat_French_scientists	5	4	1
Munich	wikicat_German_state_capitals	4	3	1
Pakistan_Muslim_League_(N)	wikicat_Liberal_parties	2	1	1
Preston_North_End_F.C.	wikicat_Football_League_clubs	6	5	1
AS_Saint-Étienne	wordnet_club_108227214	2	1	1
Costel_Orac	wikicat_Romanian_footballers	3	2	1
Amy_Adams	wikicat_21st-century_American_actresses	2	1	1
Stephen_Bywater	wikicat_Ipswich_Town_F.C._players	9	8	1
Kosovo	wordnet_country_108544813	2	1	1
Parral_(footballer)	wikicat_Santa_Cruz_Futebol_Clube_players	10	9	1
Montrouge	wikicat_Communes_of_Hauts-de-Seine	2	1	1
Lionel_Jospin	wikicat_Prime_Ministers_of_France	3	2	1
Ihor_Zhabchenko	wikicat_FC_Zirka_Kirovohrad_managers	4	3	1
Curd_Jürgens	wikicat_German_people_of_French_descent	6101	6100	1
Alex_Nyarko	wikicat_Expatriate_footballers_in_Switzerland	4	3	1
Silviu_Izvoranu	wikicat_Romanian_footballers	2	1	1
Panhellenic_Socialist_Movement	wikicat_Social_democratic_parties	2	1	1
Damián_Manso	wikicat_Expatriate_footballers_in_Mexico	2	1	1
Éric_Besson	wikicat_Politicians_of_the_French_Fifth_Republic	4	3	1
Julianne_Moore	wikicat_American_people_of_Scottish_descent	61	60	1
Louis_XV_of_France	wikicat_French_people	2	1	1
Debbie_Reynolds	wikicat_21st-century_American_actresses	3	2	1
Geelong	wikicat_Towns_in_Victoria_(Australia)	2	1	1
Kiki_Musampa	wikicat_Ligue_1_players	2	1	1
Allan_Nielsen	wikicat_Herfølge_Boldklub_players	2	1	1
Udinese_Calcio	wikicat_Football_clubs_in_Italy	2	1	1
Barack_Obama	wikicat_Nobel_Peace_Prize_laureates	2	1	1
Jonesboro,_Arkansas	wikicat_Cities_in_Arkansas	5	4	1
Andriy_Kruhlyak	wikicat_Living_people	2	1	1
Gene_Kelly	wikicat_American_male_film_actors	2	1	1
Antonella_Gambotto-Burke	wordnet_writer_110794014	4	3	1
Mississippi_River	wikicat_Borders_of_Tennessee	4	3	1
Bozhidar_Iskrenov	wikicat_People_from_Sofia	2	1	1
Elmore_Leonard	wikicat_American_mystery_writers	2	1	1
Mahesh_Babu	wikicat_People_from_Chennai	19	18	1
Fritz_Lang	wikicat_American_screenwriters	2	1	1
M._S._Swaminathan	wikicat_Fellows_of_Bangladesh_Academy_of_Sciences	3	2	1
FK_Liepājas_Metalurgs	wordnet_club_108227214	3	2	1
Miguel_Ferrer	wikicat_American_film_directors	4	3	1
Nouakchott	wikicat_Capitals_in_Africa	11	10	1
Luigi_De_Canio	wikicat_A.S._Livorno_Calcio_players	4	3	1
Cole_Porter	wikicat_American_musicians	3	2	1
William_Golding	wikicat_British_writers	2	1	1
Johnstown_Chiefs	wordnet_team_108208560	2	1	1
Dejan_Grabič	wikicat_NK_Domžale_players	3	2	1
Friedrich_Heinrich_Jacobi	wikicat_German_philosophers	3	2	1
Paulo_Marcel_Pereira_Merabet	wikicat_Brazilian_expatriate_footballers	3	2	1
Thom_Yorke	wikicat_English_male_singers	3	2	1
Emeryville,_California	wikicat_Incorporated_cities_and_towns_in_California	2	1	1
Kamil_Čontofalský	wikicat_Slovak_First_League_players	2	1	1
Sérgio_Araújo	wikicat_Grêmio_Foot-Ball_Porto_Alegrense_players	9	8	1
Wismar	wordnet_location_100027167	2	1	1
Alex_Bruce_(footballer,_born_1984)	wikicat_Premier_League_players	2	1	1
Carl_Dickinson	wikicat_Blackpool_F.C._players	50	49	1
Hanover	wikicat_German_state_capitals	10	9	1
Walt_Disney	wikicat_American_people_of_French_descent	66	65	1
Asrani	wikicat_Indian_film_directors	2	1	1
Julio_Salinas	wikicat_Basque_footballers	4	3	1
Elgin,_Illinois	wordnet_administrative_district_108491826	4	3	1
Ricardo_Sousa	wikicat_Segunda_Divisão_players	4	3	1
Bellshill	wikicat_Towns_in_North_Lanarkshire	2	1	1
Luigi_De_Canio	wikicat_Italian_football_managers	4	3	1
David_Lynch	wikicat_Screenwriters	18	17	1
Stephen_Fry	wikicat_English_male_film_actors	3	2	1
Tony_Bennett	wikicat_American_singers	2	1	1
Alexander_Søderlund	wikicat_Norwegian_footballers	4	3	1
Fernando_Fernández_Escribano	wikicat_Andalusian_footballers	29	28	1
F.C._Barreirense	wikicat_Football_clubs_in_Portugal	2	1	1
Victoria_(British_Columbia)	wikicat_Populated_coastal_places_in_Canada	2	1	1
Milan_Purović	wikicat_OFK_Beograd_players	33	32	1
Akaki_Devadze	wikicat_Georgia_(country)_international_footballers	2	1	1
Nery_Castillo	wikicat_Chicago_Fire_Soccer_Club_players	5	4	1
Rivaldo_Barbosa_de_Souza	wikicat_Santos_Futebol_Clube_players	2	1	1
Frances_Goodrich	wikicat_American_people	2	1	1
Rome	wordnet_site_108651247	6	5	1
Stephen_Fry	wikicat_Writers	3	2	1
Carl_Friedrich_Gauss	wikicat_Optical_physicists	4	3	1
Staples_Center	wikicat_Boxing_venues	5	4	1
Matthew_Bellamy	wikicat_British_guitarists	1	1	0
Jeffrey_Jones	wikicat_20th-century_American_male_actors	1	1	0
Macedonia_national_football_team	wordnet_football_team_108080025	1	1	0
Sheffield	wordnet_site_108651247	1	1	0
Vietnam	wikicat_Socialist_states	1	1	0
Elmore_Leonard	wikicat_American_male_novelists	1	1	0
Sanchez_Watt	wikicat_English_footballers	1	1	0
Seïd_Khiter	wikicat_Living_people	1	1	0
Amherst_College	wikicat_Private_universities_and_colleges_in_the_United_States	1	1	0
Düsseldorf	wikicat_Cities_in_Germany	1	1	0
Finland	wikicat_Member_states_of_the_Council_of_Europe	3	3	0
Riccardo_Nardini	wikicat_Italian_footballers	1	1	0
Bănel_Nicoliță	wikicat_Living_people	1	1	0
Arkansas	wikicat_States_of_the_Confederate_States_of_America	1	1	0
Charles_de_Gaulle	wikicat_Knights_of_the_Elephant	1	1	0
Hichem_Mezaïr	wikicat_USM_Alger_players	6	6	0
Dorge_Kouemaha	wikicat_Cameroon_international_footballers	1	1	0
Brian_O'Nolan	wikicat_Irish_novelists	2	2	0
Stuart_Fleetwood	wikicat_Living_people	1	1	0
Warren_Cummings	wikicat_Association_football_defenders	1	1	0
Fabio_Bazzani	wikicat_Serie_A_footballers	1	1	0
Djibouti	wikicat_Member_states_of_the_Arab_League	1	1	0
Brisbane	wordnet_site_108651247	1	1	0
Sandro_Calabro	wikicat_Living_people	1	1	0
Tallahassee,_Florida	wikicat_Cities_in_Florida	1	1	0
Henry_Fonda	wordnet_person_100007846	1	1	0
Eduardo_Costa	wikicat_Campeonato_Brasileiro_Série_A_footballers	1	1	0
Ryan_Jarvis	wikicat_Association_football_forwards	1	1	0
Valentino_Lai	wikicat_Swedish_expatriate_footballers	2	2	0
Winston_Churchill	wordnet_officeholder_110371450	1	1	0
Ecuador	wordnet_country_108544813	1	1	0
T._S._Eliot	wikicat_English-language_writers	1	1	0
Mecklenburg-Vorpommern	wikicat_NUTS_1_statistical_regions_of_the_European_Union	2	2	0
Ankaraspor_A.Ş.	wikicat_Association_football_clubs_established_in_1978	1	1	0
Clint_Eastwood	wikicat_20th-century_American_actors	1	1	0
Bydgoszcz	wikicat_Cities_and_towns_in_Kuyavian-Pomeranian_Voivodeship	1	1	0
Dakota_Wizards	wikicat_Basketball_clubs_established_in_1995	1	1	0
Robert_Silverberg	wikicat_21st-century_American_novelists	1	1	0
Enköping_Municipality	wikicat_Municipalities_of_Sweden	1	1	0
Efan_Ekoku	wikicat_The_Football_League_players	1	1	0
Quentin_Tarantino	wikicat_American_screenwriters	1	1	0
Trabzon	wikicat_Ancient_Greek_cities	1	1	0
French_language	wikicat_Languages_of_Europe	1	1	0
Stefano_Borgonovo	wikicat_Italian_footballers	2	2	0
Alberta	wikicat_Canadian_Prairies	2	2	0
Danny_Califf	wikicat_Danish_Superliga_players	2	2	0
Czechoslovak_government-in-exile	wikicat_States_and_territories_established_in_1939	1	1	0
Townsville	wordnet_site_108651247	1	1	0
York_City_F.C.	wikicat_Football_clubs_in_England	1	1	0
Eastbourne	wikicat_Towns_in_East_Sussex	1	1	0
Roger_Glover	wordnet_artist_109812338	1	1	0
Lisbon	wordnet_administrative_district_108491826	1	1	0
Hristo_Stoichkov	wikicat_Bulgarian_expatriates_in_Spain	1	1	0
Freiburg	wikicat_Cities_in_Baden-Württemberg	1	1	0
Sarah_Jessica_Parker	wikicat_American_film_actresses	1	1	0
The_Bronx	wordnet_administrative_district_108491826	1	1	0
Arnhem	wikicat_Populated_places_in_Gelderland	1	1	0
Roberto_Trashorras	wikicat_Real_Madrid_C.F._players	16	16	0
Sani_Kaita	wikicat_Living_people	1	1	0
Eduardo_Costa	wikicat_Brazilian_expatriate_footballers	1	1	0
Henry_Adams	wikicat_Writers	1	1	0
Wet_Hot_American_Summer	wikicat_English-language_films	1	1	0
Košice_Region	wikicat_Regions_of_Slovakia	1	1	0
Gerry_Britton	wikicat_Scottish_Football_League_players	1	1	0
Dili	wikicat_Capitals	2	2	0
Club_Olimpia	wordnet_club_108227214	1	1	0
Texas	wikicat_States_of_the_Confederate_States_of_America	1	1	0
Pendle	wikicat_Non-metropolitan_districts	1	1	0
Clackmannanshire	wikicat_Council_areas_of_Scotland	1	1	0
Luciano_de_Souza	wikicat_Expatriate_footballers_in_Greece	1	1	0
Salem,_Ohio	wikicat_Cities_in_Ohio	1	1	0
Richard_Duffy	wikicat_Living_people	1	1	0
Vincent_Sasso	wikicat_Expatriate_footballers_in_Portugal	1	1	0
Daniel_McBreen	wikicat_The_Football_League_players	1	1	0
Havnar_Bóltfelag	wordnet_club_108227214	1	1	0
Blois	wikicat_Cities_in_France	1	1	0
Steve_Jones_(Northern_Irish_footballer)	wikicat_Football_Conference_players	2	2	0
Avimiled_Rivas	wikicat_SD_Eibar_footballers	2473	2473	0
Suat_Usta	wikicat_Living_people	1	1	0
Democratic_Party_(United_States)	wordnet_party_108256968	1	1	0
Liam_Lawrence	wikicat_Expatriate_footballers_in_Greece	1	1	0
Zambia	wikicat_Countries_in_Africa	1	1	0
Uzbekistan	wikicat_Member_states_of_the_Organisation_of_Islamic_Cooperation	1	1	0
Charlie_Chaplin	wikicat_People_from_London	2	2	0
Stephen_Wright_(English_footballer)	wikicat_English_footballers	1	1	0
Georges_Pompidou	wikicat_École_Normale_Supérieure_alumni	1	1	0
John_Fraser_(footballer_born_1876)	wikicat_Newcastle_United_F.C._players	261	261	0
Émile_Mpenza	wikicat_Belgian_Pro_League_players	1	1	0
Leixões_S.C.	wikicat_Association_football_clubs_established_in_1907	4	4	0
Lagos	wikicat_Populated_coastal_places_in_Nigeria	2	2	0
Burt_Bacharach	wikicat_Living_people	1	1	0
CA_Bordj_Bou_Arréridj	wikicat_Algerian_Ligue_Professionnelle_1_clubs	1	1	0
Vatican_City	wordnet_country_108544813	2	2	0
Llandudno	wikicat_Populated_places_in_Wales	1	1	0
Stendhal	wordnet_writer_110794014	1	1	0
Pat_Sharkey	wikicat_Living_people	1	1	0
Davide_Marchini	wikicat_Italian_footballers	2	2	0
Dorge_Kouemaha	wikicat_Bundesliga_players	1	1	0
John_Cassavetes	wikicat_20th-century_American_male_actors	1	1	0
FC_Chernomorets_Novorossiysk	wordnet_club_108227214	1	1	0
Germán_Pietrobon	wikicat_Bulgarian_A_Professional_Football_Group_players	1	1	0
Andy_Webster	wikicat_Living_people	1	1	0
Annaba	wikicat_Communes_of_Algeria	1	1	0
Stephan_Kling	wikicat_2._Bundesliga_players	1	1	0
France	wikicat_Member_states_of_the_United_Nations	1	1	0
War_of_the_Sixth_Coalition	wordnet_conflict_100958896	1	1	0
Fredrik_Björck	wikicat_Swedish_footballers	1	1	0
Hetman_Zamość	wikicat_Association_football_clubs_established_in_1934	1	1	0
Chennai	wikicat_Populated_coastal_places_in_India	1	1	0
Heidelberg	wikicat_Cities_in_Germany	1	1	0
Mia_Farrow	wikicat_American_film_actresses	1	1	0
Petar_Krpan	wikicat_Croatian_footballers	1	1	0
Pacific_War	wordnet_conflict_100958896	1	1	0
Bolu	wikicat_Cities_in_Turkey	3	3	0
Prince_Philip,_Duke_of_Edinburgh	wikicat_Fellows_of_the_Royal_Society	1	1	0
Ruth_Rendell	wikicat_British_people	1	1	0
Amy_Adams	wikicat_Actors	1	1	0
Malaysia	wikicat_Member_states_of_the_Organisation_of_Islamic_Cooperation	1	1	0
Paul_Wright_(footballer)	wikicat_Scottish_Football_League_players	1	1	0
Suriname	wikicat_Countries	1	1	0
André_Weil	wordnet_scientist_110560637	1	1	0
Ely_Thadeu	wikicat_Brazilian_footballers	1	1	0
FC_Admira_Wacker_Mödling	wikicat_Football_clubs_in_Austria	1	1	0
Syria	wikicat_Middle_Eastern_countries	1	1	0
Gainsborough_Trinity_F.C.	wikicat_Northern_Premier_League_clubs	1	1	0
Botafogo_F.R.	wordnet_club_108227214	2	2	0
Marcos_Denner	wikicat_Expatriate_footballers_in_South_Korea	1	1	0
Paulus_Roiha	wikicat_Finnish_expatriate_footballers	2	2	0
Duke_University	wikicat_Universities_and_colleges_accredited_by_the_Southern_Association_of_Colleges_and_Schools	1	1	0
Obadiah_Tarumbwa	wikicat_Living_people	1	1	0
Havlíčkův_Brod_District	wordnet_administrative_district_108491826	1	1	0
Mounir_Chaftar	wikicat_German_footballers	1	1	0
James_Ivory_(director)	wikicat_American_film_directors	1	1	0
Daniel_Craig	wikicat_20th-century_actors	1	1	0
Gifu_(prefecture)	wikicat_Subdivisions_of_Japan	1	1	0
Bayer_04_Leverkusen	wikicat_Unrelegated_association_football_clubs	11	11	0
Berekum_Arsenal	wikicat_Sports_clubs_in_Ghana	1	1	0
Udinese_Calcio	wikicat_Italian_football_First_Division_clubs	2	2	0
Henry_Fonda	wikicat_Western_(genre)_film_actors	1	1	0
Order_of_Liberty	wikicat_Civil_awards_and_decorations	1	1	0
Juan_Carlos_Silva	wikicat_Mexican_footballers	7	7	0
Charlotte_Rampling	wikicat_20th-century_actors	1	1	0
Gottlob_Frege	wikicat_German_philosophers	1	1	0
Loja_Province	wordnet_administrative_district_108491826	1	1	0
Matteo_Contini	wikicat_Serie_B_footballers	1	1	0
Delron_Buckley	wikicat_VfL_Bochum_players	11	11	0
Prizren	wikicat_Municipalities_of_Kosovo	1	1	0
Bridgend	wikicat_Cities_in_Wales	1	1	0
Iceland	wikicat_Germanic_countries_and_territories	3	3	0
Watford	wikicat_Villages_in_Hertfordshire	1	1	0
Sheffield_Wednesday_F.C.	wikicat_Football_clubs_in_England	1	1	0
R.C.D._Espanyol_de_Barcelona	wordnet_club_108227214	2	2	0
Slidell,_Louisiana	wikicat_Cities_in_St._Tammany_Parish,_Louisiana	1	1	0
Spain	wordnet_country_108544813	1	1	0
Anel_Canales	wikicat_Panamanian_footballers	1	1	0
Uganda	wikicat_Landlocked_countries	2	2	0
Michal_Kubala	wikicat_Living_people	1	1	0
Santo_Tirso_Municipality	wikicat_Cities_in_Portugal	1	1	0
Clint_Eastwood	wikicat_Western_(genre)_film_actors	1	1	0
Podlaskie_Voivodeship	wordnet_administrative_district_108491826	2	2	0
South_East_England	wikicat_Regions_of_England	1	1	0
Lev_Landau	wikicat_Russian_people	1	1	0
Alastair_Reynolds	wordnet_writer_110794014	1	1	0
Marques_Houston	wikicat_Actors	1	1	0
1._FC_Slovácko	wikicat_Football_clubs_in_the_Czech_Republic	1	1	0
Charlie_Chaplin	wikicat_British_film_actors	2	2	0
Kingdom_of_Prussia	wikicat_Former_countries_in_Europe	1	1	0
Shergo_Biran	wikicat_2._Bundesliga_players	1	1	0
Bob_Hope	wikicat_American_comedians	1	1	0
Frank_Sinatra	wikicat_American_singers	2	2	0
Julio_Cortázar	wikicat_Writers	1	1	0
David_García_Haro	wikicat_Segunda_División_B_footballers	1	1	0
Kevin_Bacon	wikicat_20th-century_American_male_actors	1	1	0
Alan_Ladd	wordnet_person_100007846	1	1	0
U.S._Lecce	wikicat_Serie_B_clubs	1	1	0
Julio_César_Uribe	wikicat_Peruvian_expatriate_footballers	1	1	0
Carl_Pentney	wikicat_English_footballers	1	1	0
Fürth	wikicat_Cities_in_Germany	1	1	0
FK_Željezničar_Sarajevo	wordnet_club_108227214	1	1	0
Kuwait	wordnet_country_108544813	1	1	0
Tony_Curtis	wikicat_Jewish_American_male_actors	5	5	0
Thompson,_Connecticut	wikicat_Cities_in_Connecticut	1	1	0
Rik_Mayall	wikicat_Actors	1	1	0
New_York_City	wordnet_administrative_district_108491826	1	1	0
Oumar_Kondé	wikicat_2._Bundesliga_players	1	1	0
Aitor_Ocio	wikicat_Spain_youth_international_footballers	1	1	0
Jeffrey_Jones	wikicat_American_actors	1	1	0
Ely_Thadeu	wikicat_Living_people	1	1	0
Kevin_Miller_(footballer)	wikicat_Bristol_Rovers_F.C._players	1	1	0
FC_Hlučín	wikicat_Football_clubs_in_the_Czech_Republic	2	2	0
Guinea-Bissau	wikicat_African_countries	1	1	0
Leipzig	wikicat_University_towns_in_Germany	1	1	0
FC_Argeș_Pitești	wikicat_Defunct_football_clubs_in_Romania	1	1	0
Mamadou_Bagayoko	wikicat_AC_Ajaccio_players	10	10	0
Burundi	wikicat_Bantu_countries_and_territories	1	1	0
Gary_Barlow	wikicat_20th-century_British_people	89	89	0
Chemnitzer_FC	wikicat_Association_football_clubs_established_in_1920	1	1	0
Alexander_Herzen	wikicat_Russian_agnostics	2	2	0
Roque_Santa_Cruz	wikicat_Living_people	1	1	0
Holger_Fach	wikicat_Living_people	1	1	0
Carlos_Alberto_de_Jesus	wikicat_Living_people	1	1	0
FC_Schalke_04	wordnet_club_108227214	1	1	0
Stephen_King	wikicat_American_people	1	1	0
Roberto_Merino	wikicat_RCD_Mallorca_footballers	3	3	0
Livingston_F.C.	wikicat_Scottish_Football_League_teams	1	1	0
Turkey_national_under-21_football_team	wordnet_football_team_108080025	1	1	0
La_Cañada_Flintridge,_California	wikicat_Incorporated_cities_and_towns_in_California	1	1	0
Blauw-Wit_Amsterdam	wordnet_club_108227214	1	1	0
Jimmy_Ghaichem	wikicat_Scarborough_Athletic_F.C._players	1	1	0
Pepe_Reina	wikicat_Tercera_División_footballers	3	3	0
Vijay_(actor)	wikicat_20th-century_Indian_male_actors	4	4	0
C.F._Os_Belenenses	wikicat_Multi-sport_clubs_in_Portugal	2	2	0
Tunisia	wikicat_Countries_in_Africa	1	1	0
Anjelica_Huston	wikicat_American_actors	1	1	0
Raja_Gosnell	wikicat_Living_people	1	1	0
Vyacheslav_Sviderskyi	wikicat_FC_Dnipro_Dnipropetrovsk_players	1	1	0
George_W._Bush	wikicat_American_people_of_German_descent	1	1	0
Rafael_Carlos_Santacruz	wikicat_Spanish_footballers	1	1	0
Molot-Prikamye_Perm	wordnet_team_108208560	1	1	0
Somalia	wikicat_Member_states_of_the_United_Nations	1	1	0
Tan_Son_Nhat_International_Airport	wordnet_airport_102692232	1	1	0
Eduardo_Costa	wikicat_AS_Monaco_FC_players	1	1	0
Greenock_Morton_F.C.	wikicat_Football_clubs_in_Scotland	1	1	0
Burundi	wordnet_country_108544813	1	1	0
Maastricht	wikicat_Cities_in_the_Netherlands	1	1	0
Ricky_Gervais	wikicat_20th-century_actors	3	3	0
Naples_International_Airport	wikicat_Airports_in_Europe	2	2	0
North_Korea	wordnet_country_108544813	1	1	0
Warsaw_West_County	wikicat_Land_counties_of_Masovian_Voivodeship	8	8	0
Israel	wikicat_Countries	1	1	0
Adam_Smith	wikicat_Academics_of_the_University_of_Glasgow	1	1	0
Carlos_Squeo	wikicat_Racing_Club_de_Avellaneda_footballers	10	10	0
Silviu_Izvoranu	wikicat_Living_people	1	1	0
Sisak-Moslavina_County	wordnet_administrative_district_108491826	1	1	0
Pascal_Zuberbühler	wikicat_Fulham_F.C._players	2	2	0
Yuriy_Moroz	wikicat_Living_people	1	1	0
FC_Botoșani	wikicat_Football_clubs_in_Romania	1	1	0
Harvey_Keitel	wikicat_People_from_New_York_City	1	1	0
Charlotte_Eagles	wikicat_A-League_(1995–2004)_teams	1	1	0
Sullivan_County,_Missouri	wikicat_Missouri_counties	1	1	0
A.C._Prato	wikicat_Lega_Pro_Prima_Divisione_clubs	2	2	0
Mary_Astor	wikicat_American_film_actresses	1	1	0
Cristiano_Ávalos	wikicat_Expatriate_footballers_in_South_Korea	1	1	0
War_of_the_Austrian_Succession	wikicat_Wars_involving_Russia	1	1	0
Marrakesh-Tensift-El_Haouz	wikicat_Subdivisions_of_Morocco	1	1	0
Phil_Keaggy	wikicat_American_male_singers	4	4	0
Vanuatu	wikicat_Island_countries	2	2	0
Split,_Croatia	wikicat_Populated_coastal_places_in_Croatia	1	1	0
Haifa	wikicat_Port_cities_in_Israel	1	1	0
Hanover	wordnet_location_100027167	1	1	0
Carrie_Fisher	wikicat_20th-century_actresses	1	1	0
Denmark	wikicat_Member_states_of_the_Union_for_the_Mediterranean	1	1	0
Mauritius	wikicat_Countries_in_Africa	1	1	0
Nikola_Lazetić	wikicat_Serbian_expatriate_footballers	2	2	0
Reading,_Massachusetts	wikicat_Towns_in_Massachusetts	1	1	0
Miran_Burgič	wikicat_Slovenian_footballers	1	1	0
Buenos_Aires	wikicat_Port_settlements_in_Argentina	1	1	0
Jason_Blunt	wikicat_Living_people	1	1	0
Lyon	wordnet_commune_108541609	1	1	0
Bastia	wikicat_Port_cities	1	1	0
Osnabrück	wikicat_Districts_of_Lower_Saxony	1	1	0
Hungary	wikicat_Countries_in_Europe	1	1	0
Bihar	wikicat_States_and_territories_of_India	1	1	0
Socialist_Federal_Republic_of_Yugoslavia	wordnet_country_108544813	1	1	0
Krunoslav_Lovrek	wikicat_Süper_Lig_players	1	1	0
Laurent_Fabius	wikicat_French_people	1	1	0
Danny_Higginbotham	wikicat_Living_people	1	1	0
Ecole_Spéciale_Militaire_de_Saint-Cyr	wikicat_Educational_institutions_established_in_1802	1	1	0
Joe_Bradshaw_(footballer)	wikicat_Fulham_F.C._players	4	4	0
John_Huston	wikicat_American_people_of_English_descent	1	1	0
Moscow	wikicat_Hero_Cities_of_the_Soviet_Union	1	1	0
Bruno_Akrapović	wikicat_Bundesliga_players	1	1	0
Bristol_Rovers_F.C.	wikicat_Southern_Football_League_clubs	1	1	0
Bernie_Mac	wikicat_20th-century_American_male_actors	1	1	0
Andy_King_(footballer,_born_1956)	wikicat_English_footballers	1	1	0
Smith_College	wikicat_Private_universities_and_colleges_in_the_United_States	1	1	0
Togo	wikicat_French-speaking_countries_and_territories	1	1	0
Julia_Kristeva	wikicat_Women	1	1	0
Wallace_Shawn	wikicat_21st-century_American_writers	35	35	0
Nkana_F.C.	wordnet_club_108227214	1	1	0
Gamba_Osaka	wikicat_J._League_clubs	1	1	0
Rouen	wikicat_Cities_in_France	1	1	0
Boston	wikicat_Cities_in_Massachusetts	1	1	0
Max_Planck	wikicat_Ethnic_German_people	1	1	0
Jan_Budtz	wikicat_Living_people	1	1	0
Cameron_Mitchell_(actor)	wikicat_20th-century_American_male_actors	1	1	0
Uppsala_County	wikicat_Counties_of_Sweden	1	1	0
Frankfurt	wikicat_Cities_in_Germany	1	1	0
Buckethead	wikicat_Rock_guitarists	10	10	0
Steve_Jones_(Northern_Irish_footballer)	wikicat_Northern_Ireland_international_footballers	2	2	0
Hans_Bethe	wikicat_American_physicists	1	1	0
Walid_Atta	wikicat_Allsvenskan_players	1	1	0
Mahesh_Manjrekar	wikicat_Indian_film_producers	1	1	0
Olubayo_Adefemi	wikicat_Nigerian_people	4	4	0
Stichtse_Vecht	wikicat_Municipalities_of_Utrecht_(province)	1	1	0
Republic_of_Ireland	wikicat_Member_states_of_the_United_Nations	1	1	0
Union_for_a_Popular_Movement	wordnet_party_108256968	1	1	0
George_Abbott	wikicat_Male_actors_from_New_York_City	125	125	0
Madeleine_Stowe	wikicat_American_film_actresses	1	1	0
University_of_Wisconsin–Madison	wordnet_university_108286569	1	1	0
Óscar_Díaz_González	wikicat_Spanish_footballers	1	1	0
Italy_national_under-21_football_team	wordnet_football_team_108080025	1	1	0
Terence_Winter	wordnet_person_100007846	1	1	0
Albion_Rovers_F.C.	wikicat_Scottish_Football_League_teams	1	1	0
Pakistan	wikicat_South_Asian_countries	1	1	0
Namibia	wikicat_African_countries	1	1	0
Richard_Conte	wikicat_American_male_film_actors	1	1	0
Steve_Croudson	wikicat_Football_Conference_players	1	1	0
Reinaldo_da_Cruz_Oliveira	wikicat_K_League_players	1	1	0
NK_Bravo1_Interblock	wordnet_club_108227214	1	1	0
Indiana_Pacers	wikicat_Basketball_teams_in_the_United_States	1	1	0
Ernst_Mach	wordnet_scientist_110560637	1	1	0
Philip_Pullman	wikicat_British_children's_writers	3	3	0
Faizabad	wordnet_administrative_district_108491826	1	1	0
Daniel_Dennett	wikicat_American_people	1	1	0
FC_Argeș_Pitești	wordnet_club_108227214	1	1	0
Daniel_Arismendi	wikicat_Living_people	1	1	0
Gilda_Radner	wikicat_American_stage_actresses	4	4	0
Bakhtiyor_Ashurmatov	wikicat_Expatriate_footballers_in_Russia	1	1	0
Lisbon	wikicat_Populated_coastal_places_in_Portugal	1	1	0
Togo	wikicat_Member_states_of_the_Organisation_of_Islamic_Cooperation	1	1	0
Anthony_Réveillère	wikicat_Ligue_1_players	1	1	0
Beijing	wordnet_administrative_district_108491826	1	1	0
Sam_Gargan	wikicat_The_Football_League_players	1	1	0
Debbie_Reynolds	wikicat_20th-century_actresses	3	3	0
Andy_Williams_(Jamaican_footballer)	wikicat_Living_people	1	1	0
Rory_May	wikicat_Solihull_Borough_F.C._players	2	2	0
Kallithea_F.C.	wordnet_club_108227214	1	1	0
Alfred_Hörtnagl	wikicat_Expatriate_footballers_in_Greece	2	2	0
Lev_Landau	wikicat_Lenin_Prize_winners	18	18	0
Landshut	wordnet_location_100027167	2	2	0
Jairo_Castillo	wikicat_Primera_División_Argentina_players	1	1	0
Calcio_Padova	wordnet_club_108227214	1	1	0
Hans_Bethe	wikicat_Nuclear_physicists	5	5	0
Osamu_Tezuka	wikicat_Japanese_screenwriters	2	2	0
Liza_Minnelli	wikicat_20th-century_American_actresses	1	1	0
Nick_Ward_(Australian_footballer)	wikicat_Living_people	1	1	0
Abraham_Wald	wordnet_scientist_110560637	1	1	0
Delta_Goodrem	wikicat_Australian_television_actors	1	1	0
Brooke_Shields	wikicat_People_from_New_York_City	1	1	0
Carnegie_Mellon_University	wikicat_Oak_Ridge_Associated_Universities	1	1	0
South_Africa	wikicat_Member_states_of_the_African_Union	1	1	0
Merkendorf,_Bavaria	wordnet_location_100027167	3	3	0
Lithuania	wikicat_Member_states_of_NATO	1	1	0
Sisak-Moslavina_County	wikicat_Counties_of_Croatia	1	1	0
Slovenia	wikicat_Countries	1	1	0
Alphonse_Tchami	wikicat_Living_people	1	1	0
Murat_Ocak	wikicat_Süper_Lig_players	1	1	0
Julianne_Moore	wikicat_American_actresses	1	1	0
Saint-Cloud	wikicat_Cities_in_France	1	1	0
Alice_Munro	wikicat_Postmodern_writers	1	1	0
Porto	wikicat_Municipalities_of_Portugal	1	1	0
Hugh_Grant	wikicat_Actors	1	1	0
Joe_(singer)	wordnet_artist_109812338	1	1	0
London_School_of_Economics	wordnet_university_108286569	1	1	0
Cameroon	wikicat_Countries_in_Africa	1	1	0
Paulette_Goddard	wikicat_Actors	1	1	0
Christian_Brand	wikicat_Bundesliga_players	1	1	0
Kazakhstan	wikicat_Member_states_of_the_United_Nations	1	1	0
Winnipeg_Jets	wordnet_team_108208560	1	1	0
Belarus	wikicat_Countries	1	1	0
U.S._Città_di_Palermo	wikicat_Italian_football_First_Division_clubs	1	1	0
Porto_Alegre	wikicat_Populated_places_in_Rio_Grande_do_Sul	1	1	0
Dario_Smoje	wikicat_Croatian_expatriate_footballers	1	1	0
Zonguldak	wordnet_administrative_district_108491826	1	1	0
Chakhir_Belghazouani	wikicat_Expatriate_footballers_in_Switzerland	1	1	0
Angela_Bassett	wikicat_American_actresses	1	1	0
Ricardo_Villar_(Brazilian_footballer)	wikicat_Brazilian_footballers	1	1	0
Mauricio_Hanuch	wikicat_Olimpo_footballers	1	1	0
Atlético_Madrid_B	wikicat_Football_clubs_in_Spain	1	1	0
John_Swihart	wikicat_Living_people	1	1	0
Dario_Dabac	wikicat_Expatriate_footballers_in_China	1	1	0
Mali	wikicat_West_African_countries	1	1	0
John_Cassavetes	wikicat_American_film_directors	1	1	0
June_Allyson	wordnet_person_100007846	1	1	0
Ukraine	wikicat_Countries	1	1	0
Tennessee	wordnet_administrative_district_108491826	1	1	0
Fritz_Lang	wikicat_Western_(genre)_film_directors	1	1	0
Spain	wikicat_Member_states_of_the_European_Union	1	1	0
Argentina	wikicat_Countries	1	1	0
Tiago_Bernardini	wikicat_People_from_Araras	1	1	0
Chloë_Sevigny	wikicat_American_television_actors	1	1	0
Valentino_Lai	wikicat_Danish_Superliga_players	2	2	0
Debbie_Reynolds	wikicat_American_actresses	1	1	0
University_of_Wisconsin–Madison	wikicat_Land-grant_universities_and_colleges	1	1	0
Maggie_Gyllenhaal	wikicat_21st-century_actors	6	6	0
Leonid_Hurwicz	wikicat_American_people	1	1	0
Mahesh_Babu	wikicat_Indian_actors	1	1	0
Pablo_Aimar	wikicat_La_Liga_footballers	1	1	0
Zhuhai_Jinwan_Airport	wordnet_airport_102692232	1	1	0
Kingdom_of_Württemberg	wikicat_States_of_the_Confederation_of_the_Rhine	2	2	0
Jean_Harlow	wordnet_person_100007846	1	1	0
Lumberton,_North_Carolina	wikicat_Cities_in_North_Carolina	1	1	0
Wassily_Leontief	wikicat_American_economists	1	1	0
Bashiru_Gambo	wikicat_2._Bundesliga_players	1	1	0
Rwanda	wordnet_country_108544813	1	1	0
Clube_Atlético_Mineiro	wikicat_Football_clubs_in_Minas_Gerais	1	1	0
Rhineland-Palatinate	wordnet_administrative_district_108491826	3	3	0
Junior_F.C.	wikicat_Categoría_Primera_A_clubs	1	1	0
Robert_Fogel	wikicat_20th-century_economists	1	1	0
Giulio_Andreotti	wikicat_Prime_Ministers_of_Italy	1	1	0
Perth	wikicat_Towns_in_Western_Australia	1	1	0
Bangalore	wordnet_administrative_district_108491826	1	1	0
Pat_Morita	wikicat_American_people	1	1	0
Albert_Camus	wikicat_French_journalists	16	16	0
Anne_Baxter	wordnet_person_100007846	1	1	0
Saunders_Mac_Lane	wordnet_scientist_110560637	1	1	0
Isabella_II_of_Spain	wikicat_Women	1	1	0
Nargis	wikicat_Actors	1	1	0
Kim_Dae-eui	wikicat_Living_people	1	1	0
Capital_Region_of_Denmark	wikicat_States_and_territories_established_in_2007	1	1	0
Josiesley_Ferreira_Rosa	wikicat_Expatriate_footballers_in_Portugal	1	1	0
Irapuato_FC	wikicat_Ascenso_MX_teams	3	3	0
Latvia	wikicat_Countries	1	1	0
Istria_County	wikicat_Italian-speaking_countries_and_territories	1	1	0
Robert_Jarni	wikicat_Expatriate_footballers_in_Italy	1	1	0
DeFuniak_Springs,_Florida	wikicat_County_seats_in_Florida	1	1	0
Italian_Socialist_Party	wikicat_Defunct_political_parties	1	1	0
Gustavo_Napoles	wikicat_Club_América_footballers	3	3	0
Marion_Zimmer_Bradley	wikicat_English-language_writers	1	1	0
Nick_McKoy	wikicat_Living_people	1	1	0
Ben_Wright_(footballer_born_1980)	wikicat_English_footballers	1	1	0
Africa	wordnet_continent_109254614	1	1	0
Steve_Book	wikicat_Cheltenham_Town_F.C._players	1	1	0
Tampa	wikicat_Cities_in_Florida	1	1	0
Kloten	wordnet_town_108665504	1	1	0
Coventry_City_F.C.	wikicat_Football_League_clubs	1	1	0
Steve_Collis	wikicat_Torquay_United_F.C._players	1	1	0
J._R._Bremer	wikicat_Liga_ACB_players	1	1	0
Esporte_Clube_São_Bento	wikicat_Association_football_clubs_established_in_1913	1	1	0
Wiener_Sport-Club	wikicat_Football_clubs_in_Austria	1	1	0
Carl_Airey	wikicat_English_footballers	1	1	0
Fort_Walton_Beach,_Florida	wikicat_Cities_in_Florida	1	1	0
Valencia_BC	wikicat_Liga_ACB_teams	1	1	0
Tunisia	wikicat_Member_states_of_the_African_Union	1	1	0
Tom_Stoppard	wikicat_British_dramatists_and_playwrights	2	2	0
Veenendaal	wordnet_administrative_district_108491826	1	1	0
Montreal	wikicat_Port_settlements_in_Quebec	1	1	0
Thomas_Paine	wordnet_philosopher_110423589	2	2	0
Rovigo_Calcio	wikicat_Lega_Pro_Seconda_Divisione_clubs	3	3	0
Piła	wikicat_Cities_and_towns_in_Greater_Poland_Voivodeship	1	1	0
Vatican_City	wikicat_Countries_in_Europe	2	2	0
FC_Dnepr_Mogilev	wikicat_Football_clubs_in_the_Soviet_Union	1	1	0
Steven_Weinberg	wikicat_American_people	1	1	0
MO_Constantine	wikicat_Football_clubs_in_Algeria	1	1	0
Colchester	wikicat_Towns_in_Essex	1	1	0
Parral_(footballer)	wikicat_Brazilian_footballers	1	1	0
Tunisia	wikicat_Member_states_of_the_Union_for_the_Mediterranean	2	2	0
Thelma_Schoonmaker	wordnet_person_100007846	2	2	0
Ever_Cantero	wikicat_Paraguayan_footballers	2	2	0
Peter_Fonda	wikicat_American_actors	1	1	0
Joyce_Carol_Oates	wikicat_Women	1	1	0
Uzbekistan	wikicat_Countries	1	1	0
East_Midlands	wikicat_Regions_of_England	1	1	0
S.P.A.L._2013	wikicat_Lega_Pro_Seconda_Divisione_clubs	1	1	0
Marco_Gebhardt	wikicat_Living_people	1	1	0
Enyimba_International_F.C.	wikicat_Sports_clubs_in_Nigeria	1	1	0
Talia_Shire	wikicat_Actors	1	1	0
McAlester,_Oklahoma	wikicat_Cities_in_Oklahoma	1	1	0
Leonid_Hurwicz	wikicat_Polish_people	2	2	0
S.E.F._Torres_1903	wikicat_Football_clubs_in_Italy	1	1	0
Lucas_County,_Ohio	wordnet_county_108546183	5	5	0
Benin	wikicat_Countries_in_Africa	1	1	0
Odessa	wikicat_Populated_coastal_places_in_Ukraine	1	1	0
Mario_Cáceres	wikicat_Living_people	1	1	0
Uganda	wikicat_States_and_territories_established_in_1962	4	4	0
Allan_Nielsen	wikicat_Danish_footballers	1	1	0
Mike_Ambersley	wikicat_American_soccer_players	3	3	0
West_Hollywood,_California	wikicat_Former_census-designated_places_in_California	3	3	0
Bănel_Nicoliță	wikicat_Romania_international_footballers	2	2	0
Iván_Obolo	wikicat_Argentine_footballers	1	1	0
Daniele_De_Vezze	wikicat_Serie_B_footballers	1	1	0
Abdus_Salam	wikicat_20th-century_physicists	1	1	0
Stephen_Bywater	wikicat_Premier_League_players	1	1	0
Ecuador	wikicat_Countries	1	1	0
Chile	wordnet_country_108544813	1	1	0
Atlético_Huila	wikicat_Association_football_clubs_established_in_1990	1	1	0
Clinton_County,_Indiana	wikicat_Populated_places_established_in_1830	1	1	0
UD_Melilla	wikicat_Football_clubs_in_Spain	1	1	0
Jonathan_Walters	wikicat_Living_people	1	1	0
Nikola_Karčev	wikicat_Expatriate_footballers_in_Russia	1	1	0
California_Institute_of_Technology	wikicat_Universities_and_colleges_in_Los_Angeles_County,_California	1	1	0
Joanne_Dru	wikicat_American_television_actresses	2	2	0
Peter_Debye	wikicat_20th-century_physicists	1	1	0
Mvondo_Atangana	wikicat_Scottish_Premier_League_players	1	1	0
Edmund_Gwenn	wikicat_20th-century_English_male_actors	1	1	0
Filmfare_Awards	wikicat_Awards_established_in_1954	1	1	0
Cambodia	wikicat_Member_states_of_the_Association_of_Southeast_Asian_Nations	1	1	0
Wassily_Leontief	wikicat_Nobel_laureates_in_Economics	1	1	0
Curly_Howard	wikicat_American_male_film_actors	2	2	0
Cologne	wikicat_Cities_in_North_Rhine-Westphalia	1	1	0
Western_New_York_Flash	wikicat_Association_football_clubs_established_in_2008	1	1	0
Frosinone_Calcio	wikicat_Lega_Pro_Prima_Divisione_clubs	1	1	0
CFR_Cluj	wordnet_club_108227214	1	1	0
Sanjay_Dutt	wikicat_Actors	1	1	0
Carrie_Fisher	wikicat_American_actresses	1	1	0
Linz	wikicat_Populated_places_on_the_Danube	1	1	0
ND_Gorica	wikicat_Football_clubs_in_Yugoslavia	1	1	0
Freiburg	wordnet_location_100027167	1	1	0
Mobile,_Alabama	wordnet_administrative_district_108491826	1	1	0
K._Balachander	wikicat_Indian_screenwriters	1	1	0
Laurent_Schwartz	wordnet_scientist_110560637	1	1	0
Ayman_Abdelaziz	wikicat_Living_people	1	1	0
Rot_Weiss_Ahlen	wikicat_Football_clubs_in_Germany	1	1	0
Tallinn	wikicat_Capitals_in_Europe	1	1	0
Terrel_Castle	wikicat_American_expatriate_basketball_people_in_Israel	14	14	0
Portuguese_Empire	wikicat_Former_empires	1	1	0
Nikola_Karčev	wikicat_Macedonian_footballers	1	1	0
Sweden	wordnet_country_108544813	1	1	0
Chiba	wikicat_Populated_coastal_places_in_Japan	1	1	0
Highland_Park,_Michigan	wikicat_Cities_in_Michigan	1	1	0
John_Grisham	wikicat_American_people	1	1	0
Janakpur_Zone	wordnet_zone_108688247	2	2	0
South_Africa	wikicat_English-speaking_countries_and_territories	1	1	0
José_Augusto_Freitas_Sousa	wikicat_Brazilian_expatriate_footballers	1	1	0
Szombathely	wikicat_Cities_in_Hungary	1	1	0
Rose_McGowan	wikicat_Actors	1	1	0
Bruno_Akrapović	wikicat_2._Bundesliga_players	1	1	0
William_James	wikicat_People_from_New_York_City	1	1	0
Djibouti	wordnet_country_108544813	1	1	0
Geoffrey_Castillion	wikicat_Living_people	1	1	0
Javier_Marías	wordnet_writer_110794014	1	1	0
Republic_of_Ireland_national_under-21_football_team	wordnet_football_team_108080025	1	1	0
The_Specials	wikicat_Reggae_musical_groups	1	1	0
Sylvia_Plath	wordnet_writer_110794014	1	1	0
Jan_Budtz	wikicat_The_Football_League_players	1	1	0
Willard_Van_Orman_Quine	wordnet_philosopher_110423589	1	1	0
Seol_Ki-hyeon	wikicat_K_League_players	2	2	0
Jane_Wyman	wikicat_American_television_actresses	1	1	0
Cristiano_Ávalos	wikicat_Brazilian_expatriate_footballers	1	1	0
Patricia_Neal	wikicat_Women	1	1	0
Bahrain	wordnet_country_108544813	1	1	0
Patrick_White	wikicat_Writers	1	1	0
Wiener_Sport-Club	wordnet_club_108227214	1	1	0
Colin_Firth	wikicat_20th-century_actors	1	1	0
Álvaro_del_Moral	wikicat_Madrilenian_footballers	2	2	0
Kid_Rock	wikicat_American_hip_hop_singers	22	22	0
Montrouge	wikicat_Cities_in_France	1	1	0
Godfrey_Ingram	wikicat_Living_people	1	1	0
Fulham_F.C.	wikicat_Football_clubs_in_London	1	1	0
Jair_Baylón	wikicat_Living_people	1	1	0
Liberia	wikicat_Member_states_of_the_African_Union	1	1	0
Świecie_County	wikicat_Counties_of_Poland	1	1	0
Danny_Graham_(footballer)	wikicat_Premier_League_players	1	1	0
Olivier_Martinez	wikicat_French_people	1	1	0
Anders_Jacobsen_(footballer)	wikicat_Living_people	1	1	0
Emerson_College	wordnet_university_108286569	1	1	0
Saunders_Mac_Lane	wikicat_American_mathematicians	1	1	0
Michel_Debré	wordnet_officeholder_110371450	1	1	0
Michal_Kubala	wikicat_Expatriate_footballers_in_Romania	1	1	0
United_States_women's_national_soccer_team	wordnet_football_team_108080025	1	1	0
South_Carolina	wikicat_States_of_the_United_States	1	1	0
Hristo_Stoichkov	wikicat_Expatriate_soccer_players_in_the_United_States	1	1	0
F.C._Zenit_St._Petersburg	wikicat_Football_clubs_in_Russia	1	1	0
Iran	wikicat_Countries	1	1	0
Tanya_Tucker	wikicat_American_musicians	2	2	0
Habib_Bamogo	wikicat_People_from_Paris	1	1	0
England_national_under-19_football_team	wordnet_football_team_108080025	1	1	0
Momo_(Spanish_footballer)	wikicat_La_Liga_footballers	1	1	0
Barnsley_F.C.	wikicat_Premier_League_clubs	1	1	0
50_Cent	wikicat_American_actors	1	1	0
A.C.R._Messina	wikicat_Football_clubs_in_Italy	1	1	0
Jean-Emmanuel_Effa_Owona	wikicat_Ligue_1_players	1	1	0
Gustavo_Biscayzacú	wikicat_Expatriate_footballers_in_Mexico	3	3	0
Partick_Thistle_F.C.	wikicat_Football_clubs_in_Scotland	1	1	0
Reus_Airport	wikicat_Airports_in_Spain	1	1	0
Castries	wordnet_administrative_district_108491826	1	1	0
FC_Felgueiras	wordnet_club_108227214	1	1	0
Slovenia	wordnet_country_108544813	1	1	0
Comoé_Province	wikicat_Subdivisions_of_Burkina_Faso	1	1	0
Carrie_Fisher	wikicat_American_stage_actresses	1	1	0
Matthew_Bellamy	wikicat_English_rock_guitarists	4	4	0
Western_New_York_Flash	wordnet_club_108227214	1	1	0
Russian_Empire	wikicat_Empires	1	1	0
Gustavo_Victoria	wikicat_Süper_Lig_players	1	1	0
Assam	wordnet_administrative_district_108491826	1	1	0
Serge_Gainsbourg	wikicat_People_from_Paris	1	1	0
Jerry_Pournelle	wikicat_Living_people	2	2	0
Stockholm	wikicat_Port_cities_and_towns_of_the_Baltic_Sea	1	1	0
Togo	wikicat_African_countries	1	1	0
Rio_de_Janeiro	wikicat_Port_cities	1	1	0
Alicia_Silverstone	wikicat_American_television_actresses	1	1	0
Joe_Cocker	wikicat_British_composers	9	9	0
Vranov_nad_Topľou_District	wordnet_district_108552138	1	1	0
1._FC_Köln	wordnet_club_108227214	1	1	0
Robert_Rodriguez	wikicat_American_film_directors	1	1	0
Thiago_Ramos_Fernandes	wikicat_Liga_I_players	1	1	0
Cambodia	wikicat_Countries	1	1	0
Chile	wikicat_Member_states_of_the_Union_of_South_American_Nations	1	1	0
Simon_Donaldson	wordnet_scientist_110560637	1	1	0
David_Arquette	wikicat_20th-century_actors	1	1	0
Battle_of_Britain_(film)	wordnet_movie_106613686	1	1	0
Bruce_Greenwood	wikicat_Canadian_male_television_actors	1	1	0
Tallahassee,_Florida	wordnet_administrative_district_108491826	1	1	0
Hugo_Award	wikicat_Science_fiction_awards	1	1	0
University_of_Birmingham	wordnet_university_108286569	1	1	0
Don_Droege	wikicat_Major_Indoor_Soccer_League_(1978–92)_players	1	1	0
Hamburger_SV_II	wordnet_club_108227214	1	1	0
Abraham_Lincoln	wikicat_American_lawyers	1	1	0
Argentinos_Juniors	wikicat_Argentine_field_hockey_clubs	1	1	0
Lincoln	wikicat_County_towns_in_England	5	5	0
Boston_Breakers	wikicat_Women's_association_football_clubs	1	1	0
Marcos_Alonso_Peña	wikicat_La_Liga_footballers	2	2	0
Mala_Sinha	wikicat_Indian_film_actresses	1	1	0
Mérida,_Mérida	wordnet_administrative_district_108491826	1	1	0
Mircea_Rednic	wikicat_Romanian_footballers	2	2	0
Nicolás_Muñoz	wikicat_Expatriate_footballers_in_El_Salvador	1	1	0
Charles_Akonnor	wikicat_Ghanaian_footballers	1	1	0
Dorin_Goian	wikicat_Living_people	1	1	0
Mia_Farrow	wikicat_Actors	1	1	0
FC_Politehnica_Iași	wordnet_club_108227214	1	1	0
NK_Varaždin	wikicat_Football_clubs_in_Croatia	2	2	0
Murray_Gell-Mann	wikicat_American_agnostics	2	2	0
Kathy_Bates	wikicat_American_television_actors	1	1	0
Air_Medal	wikicat_Military_awards_and_decorations_of_the_United_States	1	1	0
Chhunly_Pagenburg	wikicat_German_footballers	1	1	0
Eindhoven	wikicat_Municipalities_of_North_Brabant	1	1	0
Geert_den_Ouden	wikicat_Expatriate_footballers_in_Sweden	2	2	0
C.S._Marítimo	wikicat_Multi-sport_clubs_in_Portugal	1	1	0
Nico_Claesen	wikicat_Royal_Antwerp_F.C._players	2	2	0
Barry_Manilow	wikicat_American_actors	1	1	0
Turku	wikicat_Port_cities_and_towns_of_the_Baltic_Sea	1	1	0
Stephan_Kling	wikicat_Living_people	1	1	0
Cape_Town	wikicat_Cities_in_South_Africa	1	1	0
Frosinone_Calcio	wikicat_Serie_B_clubs	1	1	0
Michigan_City,_Indiana	wordnet_administrative_district_108491826	2	2	0
Walker_Percy	wordnet_writer_110794014	1	1	0
Brian_Martin_(footballer)	wikicat_Scottish_footballers	1	1	0
Fernando_Sales	wikicat_La_Liga_footballers	2	2	0
Andy_Millen	wikicat_Scottish_footballers	1	1	0
Lyndon_B._Johnson	wikicat_American_people_of_British_descent	1	1	0
Søren_Larsen	wikicat_Bundesliga_players	1	1	0
Mamoru_Oshii	wikicat_Anime_directors	1	1	0
Billy_Corgan	wikicat_American_male_singers	1	1	0
Stefano_Borgonovo	wikicat_Serie_B_footballers	2	2	0
HNK_Hajduk_Split	wordnet_club_108227214	1	1	0
Deportivo_de_La_Coruña	wikicat_Organisations_based_in_Spain_with_royal_patronage	1	1	0
Cagliari	wikicat_Port_cities	1	1	0
Édison_Méndez	wikicat_Irapuato_FC_footballers	3	3	0
Bernardo_Romeo	wikicat_La_Liga_footballers	1	1	0
União_São_João_Esporte_Clube	wikicat_Association_football_clubs_established_in_1981	1	1	0
Ernst_Dospel	wikicat_Austrian_footballers	1	1	0
Jack_Cork	wikicat_Living_people	1	1	0
Angola	wikicat_Member_states_of_the_African_Union	1	1	0
Erik_Edman	wikicat_Sweden_international_footballers	2	2	0
Club_Atlético_Banfield	wikicat_Argentine_field_hockey_clubs	1	1	0
Tommy_Wright_(footballer,_born_1984)	wikicat_English_footballers	1	1	0
Serhiy_Zakarlyuka	wikicat_Ukrainian_footballers	1	1	0
Sendai	wikicat_Populated_coastal_places_in_Japan	1	1	0
Daphne_du_Maurier	wikicat_British_people	1	1	0
Gabon	wikicat_Member_states_of_the_African_Union	1	1	0
Montreal	wikicat_Populated_places_established_in_1642	1	1	0
Prešov_Region	wikicat_NUTS_3_statistical_regions_of_the_European_Union	1	1	0
Manitoba	wordnet_district_108552138	4	4	0
Malaysia	wikicat_Member_states_of_the_Commonwealth_of_Nations	1	1	0
Felix_Ogbuke	wikicat_Expatriate_footballers_in_Cyprus	1	1	0
Smith_College	wordnet_university_108286569	1	1	0
NK_Kamen_Ingrad	wikicat_Association_football_clubs_disestablished_in_2008	1	1	0
Wallace_Shawn	wikicat_American_voice_actors	7	7	0
Elie_Aiboy	wikicat_Expatriate_footballers_in_Malaysia	1	1	0
Fernando_Sales	wikicat_Segunda_División_footballers	2	2	0
ASO_Chlef	wikicat_Algerian_Ligue_Professionnelle_1_clubs	1	1	0
Kjetil_Wæhler	wikicat_Allsvenskan_players	2	2	0
Tennis_Borussia_Berlin	wordnet_club_108227214	1	1	0
Altenburg	wordnet_location_100027167	1	1	0
Lithuania_national_football_team	wikicat_European_national_association_football_teams	2	2	0
Comoros	wikicat_Swahili-speaking_countries_and_territories	2	2	0
Chiapas_F.C.	wordnet_club_108227214	1	1	0
Évry,_Essonne	wikicat_Cities_in_France	1	1	0
Lugano_District	wikicat_Districts_of_Ticino	1	1	0
Genoa_C.F.C.	wikicat_Serie_B_clubs	1	1	0
Dennis_Miller	wikicat_Living_people	1	1	0
Tabriz	wikicat_World_Heritage_Sites_in_Iran	3	3	0
Mexican_Drug_War	wordnet_conflict_100958896	1	1	0
Nicolas_Anelka	wikicat_Süper_Lig_players	1	1	0
The_Dirty_Dozen	wikicat_American_films	1	1	0
Inverell	wikicat_Towns_in_New_South_Wales	1	1	0
Amanda_Lear	wikicat_Living_people	1	1	0
Koblenz	wordnet_location_100027167	1	1	0
Kristian_Flittie_Onstad	wikicat_Norwegian_expatriate_footballers	4	4	0
C.F._Monterrey	wikicat_Football_clubs_in_Monterrey	5	5	0
K._Balachander	wikicat_Hindi-language_film_directors	1	1	0
Fabiano_Pereira	wikicat_Expatriate_footballers_in_Spain	2	2	0
Alicia_Silverstone	wordnet_person_100007846	1	1	0
Charlotte_Gainsbourg	wikicat_Living_people	2	2	0
Fritz_Fuchs	wikicat_Bundesliga_players	1	1	0
Province_of_Teruel	wikicat_Provinces_of_Spain	2	2	0
U.S._Cremonese	wikicat_Lega_Pro_Seconda_Divisione_clubs	1	1	0
Diego_Tristán	wikicat_Expatriate_footballers_in_Italy	3	3	0
Nijkerk	wordnet_administrative_district_108491826	1	1	0
Tommy_Tynan	wikicat_The_Football_League_players	1	1	0
Claudette_Colbert	wikicat_American_actors	1	1	0
Leeds	wordnet_site_108651247	1	1	0
Burundi	wikicat_Least_developed_countries	1	1	0
Georgios_Vakouftsis	wikicat_Serie_A_footballers	2	2	0
Kingdom_of_Württemberg	wikicat_States_of_the_German_Empire	2	2	0
Stephen_Dorff	wikicat_American_male_film_actors	1	1	0
Marcos_Alonso_Peña	wikicat_Living_people	1	1	0
Edmonton	wikicat_Towns_in_Alberta	1	1	0
Krunoslav_Lovrek	wikicat_Belgian_Pro_League_players	1	1	0
Kano	wikicat_State_capitals_in_Nigeria	1	1	0
Bruno_Cirillo	wikicat_Expatriate_footballers_in_Spain	1	1	0
Angela_Bassett	wikicat_American_television_actors	1	1	0
Ottoman_Empire	wikicat_Empires	1	1	0
Sydney_Olympic_FC	wikicat_Soccer_clubs_in_Sydney	2	2	0
Lin_Carter	wordnet_writer_110794014	1	1	0
Henri_Lefebvre	wordnet_philosopher_110423589	2	2	0
Bath,_Maine	wordnet_administrative_district_108491826	1	1	0
Bruno_Alves	wikicat_Russian_Premier_League_players	2	2	0
Zagreb	wikicat_Subdivisions_of_Croatia	1	1	0
Namur,_Belgium	wordnet_municipality_108626283	1	1	0
Milan_Stojanoski	wikicat_Macedonian_expatriate_footballers	3	3	0
Ian_Thomas-Moore	wikicat_The_Football_League_players	1	1	0
Kevin_Bacon	wikicat_20th-century_actors	1	1	0
San_Isidro,_Buenos_Aires	wordnet_administrative_district_108491826	1	1	0
Versailles	wikicat_Prefectures_in_France	1	1	0
Carmarthen	wikicat_Populated_places_in_Wales	1	1	0
Richmond_Kickers	wikicat_Soccer_clubs_in_the_United_States	1	1	0
Bruce_Dickinson	wikicat_English-language_singers	2	2	0
F.B.C._Unione_Venezia	wikicat_Football_clubs_in_Veneto	1	1	0
Lisa_De_Vanna	wikicat_Living_people	1	1	0
Montedio_Yamagata	wikicat_J._League_clubs	1	1	0
Šiauliai	wikicat_Cities_in_Lithuania	1	1	0
Arthur_Moses	wikicat_Living_people	1	1	0
John_McAliskey	wikicat_Living_people	1	1	0
Turkmenistan	wordnet_country_108544813	1	1	0
Maria_Bello	wikicat_Living_people	1	1	0
Rally_of_the_French_People	wordnet_party_108256968	1	1	0
Sligo	wikicat_County_towns_in_the_Republic_of_Ireland	1	1	0
Charleston_(South_Carolina)	wordnet_administrative_district_108491826	1	1	0
Warren_Cummings	wikicat_The_Football_League_players	1	1	0
Mvondo_Atangana	wikicat_Living_people	1	1	0
Harvey_Keitel	wikicat_21st-century_actors	2	2	0
Paniliakos_F.C.	wikicat_Football_clubs_in_Greece	1	1	0
Yemen	wikicat_Member_states_of_the_United_Nations	1	1	0
Ricardo_Sousa	wikicat_Portuguese_footballers	1	1	0
Volta_Redonda	wikicat_Cities_in_Brazil	1	1	0
Edward_Witten	wikicat_20th-century_physicists	1	1	0
Borujen_County	wikicat_Counties_of_Chaharmahal_and_Bakhtiari_Province	1	1	0
Ceuta	wordnet_administrative_district_108491826	1	1	0
Humboldt_University_of_Berlin	wordnet_university_108286569	1	1	0
Bob_Hope	wordnet_person_100007846	1	1	0
Steve_Collis	wikicat_The_Football_League_players	1	1	0
Sevilla_F.C.	wikicat_La_Liga_clubs	1	1	0
Kang_Chul	wikicat_South_Korean_footballers	2	2	0
Burkina_Faso	wikicat_Least_developed_countries	1	1	0
Ann_Sothern	wikicat_Women	1	1	0
Henderson,_Nevada	wikicat_Cities_in_Clark_County,_Nevada	4	4	0
Ted_Hughes	wordnet_writer_110794014	1	1	0
Club_Atlético_Vélez_Sarsfield	wordnet_club_108227214	4	4	0
Glasgow	wikicat_Lieutenancy_areas_of_Scotland	1	1	0
Ironton,_Ohio	wikicat_County_seats_in_Ohio	1	1	0
Finland_national_football_team	wikicat_European_national_association_football_teams	3	3	0
Shirley_Jones	wikicat_American_television_actresses	1	1	0
Robert_Silverberg	wikicat_American_science_fiction_writers	1	1	0
Worms	wikicat_Former_countries_in_Europe	1	1	0
Jules_Vandooren	wikicat_Association_football_defenders	2	2	0
Luis_Fernando_Espindola	wikicat_Living_people	1	1	0
Jusuf_Dajić	wikicat_Expatriate_footballers_in_Germany	1	1	0
Lev_Landau	wikicat_20th-century_physicists	1	1	0
Burgas_Province	wordnet_state_108654360	1	1	0
Adam_Rooney	wikicat_Scottish_Premier_League_players	1	1	0
University_of_Portland	wikicat_Roman_Catholic_universities_and_colleges	1	1	0
Vancouver_Island	wikicat_Islands_of_the_Pacific_Ocean	2	2	0
Nicolás_Diez	wikicat_Living_people	1	1	0
Leonardo_André_Pimenta_Faria	wikicat_Living_people	1	1	0
London_School_of_Economics	wikicat_Universities_in_England	1	1	0
Zimbabwe	wikicat_Countries_in_Africa	1	1	0
Branco_(footballer)	wikicat_Expatriate_soccer_players_in_the_United_States	1	1	0
Barnsley_F.C.	wikicat_Football_clubs_in_England	1	1	0
Juan_José_Borrelli	wikicat_Living_people	1	1	0
Sékou_Tidiane_Souaré	wikicat_People_from_Abidjan	1	1	0
Subrahmanyan_Chandrasekhar	wikicat_20th-century_physicists	1	1	0
Port-au-Prince	wikicat_Port_cities_in_the_Caribbean	1	1	0
Dominique_de_Villepin	wikicat_École_nationale_d'administration_alumni	2	2	0
Namur	wordnet_municipality_108626283	2	2	0
Doti_District	wordnet_district_108552138	1	1	0
Quentin_Tarantino	wikicat_21st-century_American_male_actors	1	1	0
Pablo_Aimar	wikicat_Primera_División_Argentina_players	1	1	0
Itay_Shechter	wikicat_Living_people	1	1	0
Rudolf_Peierls	wikicat_20th-century_physicists	1	1	0
André_3000	wikicat_American_male_film_actors	5	5	0
Pacific_Ocean	wordnet_ocean_109376198	1	1	0
Marc_Anthony	wordnet_artist_109812338	1	1	0
Hugo_Award	wikicat_American_awards	1	1	0
Rijeka	wordnet_administrative_district_108491826	6	6	0
Francis_Ford_Coppola	wikicat_Screenwriters	1	1	0
Maryland	wordnet_administrative_district_108491826	1	1	0
Democratic_Republic_of_the_Congo	wikicat_Central_African_countries	1	1	0
Bozhidar_Iskrenov	wikicat_PFC_Levski_Sofia_players	3	3	0
Nicolae_Dică	wikicat_FC_CFR_Cluj_players	6	6	0
Masovian_Voivodeship	wordnet_administrative_district_108491826	1	1	0
East_Haddam,_Connecticut	wordnet_administrative_district_108491826	1	1	0
S.P.A.L._2013	wikicat_Serie_B_clubs	1	1	0
Natasha_Richardson	wikicat_English_film_actors	1	1	0
Margaret_Sullavan	wikicat_Women	1	1	0
Budapest	wikicat_Cities_with_millions_of_inhabitants	1	1	0
Rafael_Carlos_Santacruz	wikicat_Segunda_División_footballers	1	1	0
Université_libre_de_Bruxelles	wordnet_university_108286569	1	1	0
Filmfare_Awards_South	wikicat_Filmfare_Awards	2	2	0
North_Khorasan_Province	wikicat_Subdivisions_of_Iran	1	1	0
Tonga	wikicat_Islands_of_Oceania	1	1	0
Mia_Farrow	wikicat_21st-century_actors	1	1	0
Harvey_Keitel	wikicat_American_television_actors	2	2	0
Tommy_Tynan	wikicat_Newport_County_A.F.C._players	1	1	0
Social_Democratic_Party_(Portugal)	wikicat_Liberal_parties	1	1	0
Richmond_Boakye	wikicat_Ghana_international_footballers	1	1	0
Adam_Strachan	wikicat_Living_people	1	1	0
Ihor_Zhabchenko	wikicat_Ukrainian_Premier_League_players	1	1	0
Amy_LePeilbet	wikicat_Women	1	1	0
Charlie_Chaplin	wikicat_English_screenwriters	2	2	0
Rabat	wordnet_administrative_district_108491826	1	1	0
Dewsbury	wikicat_Towns_in_West_Yorkshire	1	1	0
Quebec_Liberal_Party	wikicat_Political_parties_in_Canada	1	1	0
Chalon-sur-Saône	wordnet_commune_108541609	1	1	0
Lethbridge_Hurricanes	wordnet_team_108208560	2	2	0
Syarhey_Kuznyatsow	wikicat_FC_Arsenal_Kyiv_players	1	1	0
Poland	wikicat_Countries_in_Europe	1	1	0
Eduardo_Ratinho	wikicat_Living_people	1	1	0
Nicaragua	wikicat_Countries_in_Central_America	1	1	0
Gabri_García	wikicat_FC_Barcelona_B_footballers	1	1	0
Frank_Arnesen	wikicat_Expatriate_footballers_in_Spain	1	1	0
Order_of_the_Bath	wordnet_order_107168623	1	1	0
Lusaka	wordnet_administrative_district_108491826	1	1	0
Club_Sol_de_América	wordnet_club_108227214	1	1	0
Rwanda	wikicat_French-speaking_countries_and_territories	1	1	0
Royal_Thai_Navy_F.C.	wordnet_club_108227214	1	1	0
Thiago_Maciel	wikicat_Brazilian_footballers	1	1	0
Brendan_Fraser	wikicat_20th-century_actors	1	1	0
Dundee_F.C.	wikicat_Scottish_Premier_League_teams	1	1	0
Ricardo_Rocha_(Portuguese_footballer)	wikicat_Portugal_international_footballers	4	4	0
Turkey	wikicat_Middle_Eastern_countries	2	2	0
Aalen	wordnet_location_100027167	1	1	0
Watertown,_Massachusetts	wikicat_Cities_in_Massachusetts	1	1	0
Jonathan_Téhoué	wikicat_SC_Bastia_players	4	4	0
Andrzej_Bledzewski	wikicat_Living_people	1	1	0
Marco_Delvecchio	wikicat_Living_people	1	1	0
Zlatko_Yankov	wikicat_PFC_Lokomotiv_Sofia_players	1	1	0
Dietmar_Hamann	wikicat_German_footballers	1	1	0
Bono	wikicat_Rock_singers	1	1	0
Meryl_Streep	wikicat_21st-century_actors	2	2	0
Amman	wordnet_administrative_district_108491826	1	1	0
Nélson_Marcos	wikicat_S.L._Benfica_footballers	1	1	0
Highlanders_(rugby_union)	wordnet_team_108208560	1	1	0
Civic_Platform	wordnet_party_108256968	1	1	0
Gahar_Zagros_F.C.	wordnet_club_108227214	1	1	0
Comoros	wikicat_Countries	1	1	0
Samuel_R._Delany	wikicat_Writers	1	1	0
Shandong	wikicat_Administrative_divisions_of_China	1	1	0
Mario_Regueiro	wikicat_Superleague_Greece_players	1	1	0
Kloten	wikicat_Cities_in_Switzerland	1	1	0
Courteney_Cox	wikicat_American_film_actresses	1	1	0
Gilda_Radner	wikicat_20th-century_American_actresses	1	1	0
Dick_Cheney	wordnet_officeholder_110371450	1	1	0
Sonic_Team	wikicat_Video_game_development_companies	1	1	0
Chester_City_F.C.	wikicat_Defunct_Football_League_clubs	3	3	0
FC_Zürich	wikicat_Football_clubs_in_Switzerland	1	1	0
Battle_of_Leipzig	wikicat_Battles_involving_Germany	2	2	0
Radosław_Kałużny	wikicat_Bundesliga_players	1	1	0
William_Holden	wikicat_American_male_film_actors	1	1	0
Kalusha_Bwalya	wikicat_Living_people	1	1	0
Maurice_Ross	wikicat_Süper_Lig_players	1	1	0
Barnsley_F.C.	wikicat_Football_League_Championship_clubs	1	1	0
Mauritania	wordnet_country_108544813	1	1	0
Otto_Szabó	wikicat_Nemzeti_Bajnokság_I_players	17	17	0
Peru	wikicat_Countries	1	1	0
Brian_O'Nolan	wikicat_Writers	1	1	0
Greene_County,_Pennsylvania	wikicat_Counties_of_Appalachia	2	2	0
Argentina	wikicat_Spanish-speaking_countries_and_territories	1	1	0
Recklinghausen	wikicat_Cities_in_North_Rhine-Westphalia	1	1	0
Oscar_Dertycia	wikicat_Argentine_footballers	1	1	0
Salem,_Virginia	wikicat_Cities_in_Virginia	1	1	0
New_Brunswick	wordnet_district_108552138	1	1	0
Sunil_Dutt	wikicat_Indian_film_directors	1	1	0
Christopher_Guest	wikicat_American_people	1	1	0
Kaunas	wikicat_Cities_in_Lithuania	1	1	0
Friedrich_Heinrich_Jacobi	wikicat_18th-century_philosophers	3	3	0
Luís_Eduardo_Schmidt	wikicat_La_Liga_footballers	1	1	0
Mark_Owen	wikicat_English_singers	1	1	0
Jordan	wikicat_Middle_Eastern_countries	1	1	0
Delta_Goodrem	wikicat_Australian_female_singers	14	14	0
Halmahera	wikicat_Maluku_Islands	1	1	0
Andrzej_Bledzewski	wikicat_Polish_footballers	1	1	0
Hollywood_Party_(1934_film)	wikicat_American_comedy_films	1	1	0
Bath,_Maine	wikicat_Cities_in_Maine	1	1	0
Seol_Ki-hyeon	wikicat_Incheon_United_FC_players	2	2	0
Émerson_Leão	wikicat_Sociedade_Esportiva_Palmeiras_players	2	2	0
Cold_Turkey_(film)	wordnet_movie_106613686	1	1	0
Raúl_(footballer)	wikicat_La_Liga_footballers	1	1	0
Syarhey_Kuznyatsow	wikicat_Living_people	1	1	0
Ion_Vélez	wikicat_Segunda_División_B_footballers	1	1	0
Ville_Väisänen	wikicat_Living_people	1	1	0
Malaysia	wikicat_Member_states_of_the_United_Nations	1	1	0
Nicaragua	wikicat_Countries	1	1	0
Mersch	wikicat_Communes_of_Luxembourg	1	1	0
Meryl_Streep	wikicat_American_actresses	1	1	0
Bridge_Boys_F.C.	wikicat_Sports_clubs_in_Nigeria	1	1	0
Marc_Arnold	wikicat_Living_people	1	1	0
Slovenia	wikicat_Member_states_of_NATO	1	1	0
Bolu	wikicat_Ancient_Greek_sites_in_Turkey	1	1	0
Admir_Bilibani	wikicat_FC_Aarau_players	2	2	0
Neustrelitz	wikicat_Municipalities_in_Mecklenburg-Vorpommern	1	1	0
Cologne	wikicat_Municipalities_in_North_Rhine-Westphalia	1	1	0
Stephen_King	wikicat_American_novelists	2	2	0
Soviet_Union	wordnet_country_108544813	1	1	0
Ludington,_Michigan	wikicat_County_seats_in_Michigan	1	1	0
Kremenchuk	wikicat_Cities_in_Poltava_Oblast	1	1	0
Mario_Bolatti	wikicat_Living_people	1	1	0
George_Abbott	wikicat_American_male_stage_actors	28	28	0
South_Derbyshire	wikicat_Districts_of_England	1	1	0
University_of_Leeds	wikicat_Universities_in_the_United_Kingdom	1	1	0
David_Hume	wikicat_Political_philosophers	4	4	0
Michael_Thwaite	wikicat_Australian_soccer_players	1	1	0
Fábio_Lima	wikicat_Living_people	1	1	0
F.C._Südtirol	wikicat_Football_clubs_in_Italy	1	1	0
Allan_Michaelsen	wikicat_Danish_footballers	1	1	0
Kamehameha_I	wordnet_sovereign_110628644	1	1	0
Ottoman_Empire	wikicat_Former_empires	1	1	0
Grammy_Award	wikicat_Music_awards	1	1	0
Katie_Holmes	wikicat_Women	1	1	0
Lääne_County	wordnet_country_108544813	1	1	0
Adana	wikicat_Ancient_Greek_sites_in_Turkey	1	1	0
Greece	wikicat_Member_states_of_the_Union_for_the_Mediterranean	1	1	0
Pau,_France	wordnet_commune_108541609	1	1	0
Pierre_Trudeau	wikicat_French-Canadian_people	1	1	0
Russia_national_under-21_football_team	wordnet_football_team_108080025	1	1	0
Pori	wordnet_municipality_108626283	1	1	0
New_Hampshire	wikicat_States_of_the_United_States	1	1	0
Phil_Charnock	wikicat_Football_Conference_players	1	1	0
Bechara_Oliveira	wikicat_Brazilian_footballers	1	1	0
Brazil	wikicat_Member_states_of_the_United_Nations	1	1	0
F.C._Porto	wikicat_Superleague_Formula_clubs	1	1	0
Marc_Arnold	wikicat_Bundesliga_players	1	1	0
Edet_Otobong	wikicat_Cameroonian_expatriate_footballers	2	2	0
Marius_Niculae	wikicat_Expatriate_footballers_in_Greece	1	1	0
Maggie_Gyllenhaal	wikicat_21st-century_American_actresses	1	1	0
Manchester_United_F.C.	wikicat_Football_clubs_in_England	2	2	0
Rochester,_Minnesota	wikicat_County_seats_in_Minnesota	2	2	0
War_of_the_Sixth_Coalition	wikicat_Wars_involving_the_United_Kingdom	2	2	0
Toowoomba	wikicat_Populated_places_in_Queensland	2	2	0
Geelong	wikicat_Cities_in_Australia	1	1	0
Barcelona	wikicat_Roman_sites_in_Spain	1	1	0
The_Specials	wikicat_English_New_Wave_musical_groups	1	1	0
William_Golding	wikicat_British_Nobel_laureates	8	8	0
Kotka	wordnet_area_108497294	6	6	0
Dani_Chigou	wikicat_Liga_I_players	1	1	0
André_Luiz_Moreira	wikicat_Ligue_1_players	1	1	0
Géza_Kalocsay	wikicat_Hungarian_footballers	2	2	0
Jim_Kerr_(footballer_born_1959)	wikicat_Falkirk_F.C._players	2	2	0
Timo_Ochs	wikicat_2._Bundesliga_players	1	1	0
KHL_Medveščak_Zagreb	wordnet_hockey_team_108080386	1	1	0
Ertan_Demiri	wikicat_Expatriate_footballers_in_Saudi_Arabia	3	3	0
Richard_Feynman	wikicat_American_physicists	1	1	0
Gmina_Inowrocław	wordnet_administrative_district_108491826	1	1	0
Guillermo_La_Rosa	wikicat_Living_people	1	1	0
Ethiopia	wikicat_Member_states_of_the_United_Nations	1	1	0
Dublin	wikicat_Populated_coastal_places_in_the_Republic_of_Ireland	2	2	0
Esmeraldas,_Ecuador	wikicat_Populated_coastal_places_in_Ecuador	1	1	0
Alex_Mathie	wikicat_The_Football_League_players	1	1	0
Brno	wikicat_Cities_and_towns_in_the_Czech_Republic	1	1	0
Sociedade_Esportiva_Palmeiras	wordnet_club_108227214	1	1	0
Marcos_Paulo_Alves	wikicat_Brazilian_expatriate_footballers	1	1	0
Warsaw	wordnet_administrative_district_108491826	1	1	0
Grzegorz_Sandomierski	wikicat_Polish_expatriate_footballers	1	1	0
Ludwigshafen	wikicat_Cities_in_Germany	2	2	0
United_Arab_Emirates	wikicat_Member_states_of_the_United_Nations	1	1	0
Michael_Hughes_(footballer)	wikicat_Living_people	1	1	0
Eastern_Highlands_Province	wikicat_Provinces_of_Papua_New_Guinea	1	1	0
Stacie_Orrico	wordnet_artist_109812338	1	1	0
Ross_Macdonald	wikicat_20th-century_American_novelists	1	1	0
Louis_XV_of_France	wikicat_Smallpox_survivors	1	1	0
August_Wilhelm_von_Hofmann	wordnet_scientist_110560637	1	1	0
Richard_Rorty	wordnet_philosopher_110423589	1	1	0
Liivo_Leetma	wikicat_JK_Nõmme_Kalju_players	1	1	0
Świnoujście	wordnet_administrative_district_108491826	2	2	0
Agnes_Moorehead	wikicat_American_actresses	1	1	0
Immanuel_Kant	wikicat_Ethnic_German_people	1	1	0
Jamie_Lee_Curtis	wordnet_person_100007846	1	1	0
Fort-de-France	wordnet_commune_108541609	1	1	0
Adana	wikicat_Roman_sites_in_Turkey	1	1	0
Bernard_Cornwell	wikicat_English-language_writers	1	1	0
Zlatan_Ibrahimović	wikicat_Serie_A_footballers	1	1	0
University_of_Sussex	wordnet_university_108286569	1	1	0
Roger_Hodgson	wordnet_artist_109812338	1	1	0
Daniel_Dennett	wikicat_Skeptics	11	11	0
Kazakhstan_national_football_team	wikicat_Asian_national_association_football_teams	1	1	0
Saša_Ćurčić	wikicat_Expatriate_footballers_in_Scotland	5	5	0
Shelley_Winters	wikicat_American_actresses	1	1	0
Lisbon_Region	wikicat_Regions_of_Portugal	1	1	0
Alexander_Haig	wikicat_American_politicians	1	1	0
Westlake_Village,_California	wikicat_Incorporated_cities_and_towns_in_California	1	1	0
Dick_Van_Dyke	wikicat_American_male_film_actors	1	1	0
Zoran_Zeljković	wikicat_Slovenian_footballers	1	1	0
Madeleine_Stowe	wikicat_American_people	1	1	0
University_at_Buffalo,_The_State_University_of_New_York	wordnet_university_108286569	1	1	0
Lemar	wordnet_artist_109812338	1	1	0
Aleksandar_Komadina	wikicat_Living_people	1	1	0
Uzbekistan	wikicat_States_and_territories_established_in_1991	1	1	0
South_East_England	wordnet_region_108630039	1	1	0
Birmingham,_Michigan	wikicat_Populated_places_established_in_1819	1	1	0
Philadelphia	wordnet_administrative_district_108491826	1	1	0
Barry_Wong	wikicat_Hong_Kong_screenwriters	4	4	0
Daisuke_Matsui	wikicat_Bulgarian_A_Professional_Football_Group_players	2	2	0
Cameroon	wikicat_Member_states_of_La_Francophonie	1	1	0
Maurizio_Gaudino	wikicat_German_expatriate_footballers	1	1	0
Upton_Sinclair	wikicat_Writers	1	1	0
Rafael_Carlos_Santacruz	wikicat_Living_people	1	1	0
Paul_Bastock	wikicat_People_from_Royal_Leamington_Spa	1	1	0
Fernando_Alves_Santa_Clara	wikicat_Living_people	1	1	0
Daphne_du_Maurier	wikicat_Writers	1	1	0
University_of_Southern_California	wordnet_university_108286569	1	1	0
Belize_City	wikicat_Port_cities	1	1	0
Bruno_Šundov	wikicat_Living_people	1	1	0
Dennis_Virkler	wikicat_Living_people	1	1	0
Jay_Mohr	wikicat_Actors	1	1	0
Chhunly_Pagenburg	wikicat_Living_people	1	1	0
Dera_Ismail_Khan_District	wordnet_administrative_district_108491826	1	1	0
Foeke_Booy	wikicat_Living_people	1	1	0
Hussein_of_Jordan	wordnet_sovereign_110628644	1	1	0
Greg_Bear	wikicat_Writers	1	1	0
Republic_of_the_Congo	wikicat_Countries_in_Africa	1	1	0
Tottenham_Hotspur_F.C.	wikicat_Premier_League_clubs	2	2	0
St._Mirren_F.C.	wikicat_Scottish_Professional_Football_League_teams	1	1	0
Agnes_Moorehead	wikicat_American_film_actresses	1	1	0
Tuscany	wikicat_Wine_regions_of_Italy	1	1	0
North_America	wikicat_Continents	1	1	0
Syangja_District	wikicat_Districts_of_Nepal	1	1	0
Bronze_Star_Medal	wikicat_Awards_and_decorations_of_the_United_States_Coast_Guard	1	1	0
Orlando_International_Airport	wordnet_airport_102692232	1	1	0
Grand_Duke_Konstantin_Nikolayevich_of_Russia	wikicat_Russian_grand_dukes	8	8	0
Vijay_(actor)	wikicat_Indian_male_film_actors	1	1	0
Spirits_of_the_Dead	wordnet_movie_106613686	1	1	0
FC_Hoverla_Uzhhorod	wordnet_club_108227214	1	1	0
Miran_Burgič	wikicat_Living_people	1	1	0
Graziano_Pellè	wikicat_Living_people	1	1	0
Nathan_Ashton	wikicat_Living_people	1	1	0
Syria	wikicat_Arabic-speaking_countries_and_territories	1	1	0
Gerard_Butler	wordnet_person_100007846	1	1	0
Fernando_Navarro	wikicat_Living_people	1	1	0
Cédric_Roussel	wikicat_Expatriate_footballers_in_Russia	2	2	0
Bozhidar_Iskrenov	wikicat_Bulgaria_international_footballers	2	2	0
Fausto_Lourenço	wikicat_Expatriate_footballers_in_Cyprus	2	2	0
New_Rochelle,_New_York	wikicat_Populated_coastal_places_in_New_York	1	1	0
Pernik	wordnet_administrative_district_108491826	1	1	0
Dennis_Miller	wikicat_American_people	1	1	0
Ricky_Gervais	wikicat_English_film_actors	2	2	0
Aleksandar_Komadina	wikicat_Russian_Premier_League_players	1	1	0
Arnhem	wikicat_Provincial_capitals_of_the_Netherlands	1	1	0
Konrad_Adenauer	wordnet_officeholder_110371450	1	1	0
Zoran_Milinković_(footballer)	wikicat_Serbian_footballers	1	1	0
Toufik_Zerara	wikicat_Algerian_Ligue_Professionnelle_1_players	3	3	0
Paul_Simpson_(footballer)	wikicat_Premier_League_players	1	1	0
Stuart_Fleetwood	wikicat_Football_Conference_players	3	3	0
Johnny_Torres	wikicat_American_soccer_players	2	2	0
Ronald_Colman	wikicat_Actors	1	1	0
Mato_Neretljak	wikicat_Croatia_international_footballers	2	2	0
Hertha_BSC	wikicat_Football_clubs_in_Germany	1	1	0
Marek_Motyka	wikicat_Norwegian_Premier_League_players	3	3	0
Hibernian_F.C.	wikicat_Scottish_Football_League_teams	1	1	0
Yalta	wikicat_Cities_in_Crimea	3	3	0
Rod_Serling	wikicat_American_people	1	1	0
Carlos_Navarro_Montoya	wikicat_Colombia_international_footballers	1	1	0
Paulette_Goddard	wordnet_person_100007846	1	1	0
Abia_State	wikicat_States_of_Nigeria	1	1	0
Gurban_Gurbanov	wikicat_FC_Baltika_Kaliningrad_players	1	1	0
Siahkal_County	wikicat_Counties_of_Gilan_Province	1	1	0
Balkans	wordnet_cape_109233715	1	1	0
St._Joseph_County,_Michigan	wikicat_Michigan_counties	1	1	0
Montrose_F.C.	wikicat_Football_clubs_in_Scotland	1	1	0
Frederik_Pohl	wikicat_20th-century_American_novelists	1	1	0
Sergio_Volpi	wikicat_Serie_B_footballers	1	1	0
Woking_F.C.	wikicat_Association_football_clubs_established_in_1889	1	1	0
Herbert_Ross	wikicat_American_people	1	1	0
Alameda_County,_California	wikicat_Populated_places_established_in_1853	1	1	0
Inverness	wikicat_Port_cities_and_towns_in_Scotland	3	3	0
Joseph-Désiré_Job	wikicat_2002_FIFA_World_Cup_players	1	1	0
San_Diego	wikicat_Incorporated_cities_and_towns_in_California	1	1	0
Gene_Wilder	wikicat_American_people	1	1	0
Forfar_Athletic_F.C.	wordnet_club_108227214	1	1	0
Brooke_Shields	wikicat_20th-century_actors	1	1	0
Université_de_Montréal	wordnet_university_108286569	1	1	0
K.S.V._Waregem	wikicat_Football_clubs_in_Belgium	1	1	0
Christian_Callejas	wikicat_Uruguayan_footballers	1	1	0
North_East_England	wikicat_NUTS_1_statistical_regions_of_the_European_Union	1	1	0
Australia_national_football_team	wikicat_Asian_national_association_football_teams	3	3	0
Rwanda	wikicat_Least_developed_countries	1	1	0
Bernard_Hill	wikicat_English_stage_actors	1	1	0
Darío_Flores	wikicat_Liga_I_players	1	1	0
William_Thomson,_1st_Baron_Kelvin	wikicat_People_associated_with_electricity	3	3	0
Alex_Revell	wikicat_English_footballers	1	1	0
SV_Eintracht_Trier_05	wikicat_Football_clubs_in_Germany	1	1	0
Vannevar_Bush	wordnet_scientist_110560637	1	1	0
Azerbaijan	wikicat_Landlocked_countries	3	3	0
Ahmed_Deen	wikicat_Living_people	1	1	0
Roger_Penrose	wikicat_20th-century_physicists	2	2	0
C.D._Numancia_de_Soria	wikicat_Football_clubs_in_Castile_and_León	1	1	0
Long_Beach,_California	wikicat_Incorporated_cities_and_towns_in_California	1	1	0
Riza_Lushta	wikicat_Serie_A_footballers	2	2	0
Drago_Jančar	wikicat_Prešeren_laureates	1	1	0
Cyril_Jeunechamp	wikicat_Ligue_2_players	1	1	0
Shahid_Kapoor	wikicat_Indian_actors	1	1	0
Afghanistan	wikicat_Countries	1	1	0
Ilian_Iliev	wikicat_Expatriate_footballers_in_Portugal	2	2	0
Pete_Seeger	wordnet_artist_109812338	1	1	0
John_Milton	wikicat_Writers	1	1	0
Sergey_Timofeev	wikicat_Living_people	1	1	0
Dario_Smoje	wikicat_Serie_A_footballers	1	1	0
Pat_Morita	wikicat_20th-century_American_male_actors	1	1	0
Emerson_College	wikicat_Private_universities_and_colleges_in_the_United_States	1	1	0
Courteney_Cox	wikicat_20th-century_American_actresses	1	1	0
Columbia_Business_School	wikicat_Universities_and_colleges_in_New_York_City	2	2	0
Riccardo_Nardini	wikicat_Reggina_Calcio_players	3	3	0
Győr	wikicat_County_seats_in_Hungary	1	1	0
Pepe_Reina	wikicat_Living_people	1	1	0
1._FSV_Mainz_05	wikicat_Football_clubs_in_Rhineland-Palatinate	1	1	0
Torquay_United_F.C.	wikicat_Southern_Football_League_clubs	1	1	0
Haim_Silvas	wikicat_Living_people	1	1	0
Mark_Prudhoe	wikicat_Bristol_City_F.C._players	1	1	0
Dennis_Virkler	wikicat_American_Cinema_Editors	1	1	0
Gena_Rowlands	wordnet_person_100007846	1	1	0
Mounir_El_Hamdaoui	wikicat_La_Liga_footballers	2	2	0
Simran_(actress)	wikicat_20th-century_Indian_actresses	1	1	0
Jimmy_Carter	wordnet_officeholder_110371450	1	1	0
Ambika_(actress)	wikicat_Indian_film_actresses	1	1	0
VfL_Osnabrück	wikicat_Football_clubs_in_Germany	1	1	0
Ihor_Zhabchenko	wikicat_Living_people	1	1	0
Antonio_Rizzolo	wikicat_Italian_footballers	1	1	0
Liv_Tyler	wikicat_Actors_from_New_York_City	3	3	0
Michael_Hughes_(footballer)	wikicat_Ligue_1_players	1	1	0
Patricia_Neal	wikicat_American_actresses	1	1	0
Vital_Lyadzyanyow	wikicat_Living_people	1	1	0
Mato_Neretljak	wikicat_Living_people	1	1	0
Daniel_Craig	wikicat_British_film_actors	1	1	0
Eastbourne	wikicat_Non-metropolitan_districts	1	1	0
University_of_Paris-Sud	wordnet_university_108286569	1	1	0
Agnes_Moorehead	wikicat_American_actors	1	1	0
Paul_Wright_(footballer)	wikicat_Scottish_footballers	1	1	0
Steven_Spielberg	wikicat_American_film_directors	1	1	0
F.K._Partizan	wikicat_Association_football_clubs_established_in_1945	5	5	0
Vesa-Matti_Loiri	wordnet_person_100007846	1	1	0
Midge_Ure	wikicat_Living_people	1	1	0
Knoxville,_Tennessee	wikicat_Cities_in_Tennessee	1	1	0
Gustavo_Reggi	wikicat_Argentine_expatriate_footballers	1	1	0
Federico_Fellini	wordnet_person_100007846	1	1	0
Toronto	wordnet_administrative_district_108491826	1	1	0
Staples_Center	wordnet_stadium_104295881	1	1	0
Lindsay_Lohan	wikicat_Women	1	1	0
Ricardo_Rocha_(Portuguese_footballer)	wikicat_Expatriate_footballers_in_Belgium	1	1	0
Émile_Durkheim	wikicat_French_people	1	1	0
Edgar_Çani	wikicat_Serie_A_footballers	1	1	0
The_Simpsons_Movie	wikicat_American_animated_films	1	1	0
Jonathan_Walters	wikicat_Premier_League_players	1	1	0
Galați	wikicat_Towns	1	1	0
Paul_Konchesky	wikicat_West_Ham_United_F.C._players	1	1	0
Sextus_Empiricus	wikicat_Historians_of_philosophy	18	18	0
Mauritania	wikicat_West_African_countries	1	1	0
Uladzimir_Karytska	wikicat_Russian_Premier_League_players	1	1	0
Rick_Astley	wikicat_British_musicians	1	1	0
Madeleine_Stowe	wikicat_American_television_actresses	1	1	0
Nicolás_Muñoz	wikicat_People_from_Panama_City	3	3	0
Alexandre_Faioli	wikicat_Living_people	1	1	0
Thespakusatsu_Gunma	wikicat_Football_clubs_in_Japan	1	1	0
Bolivia	wikicat_Countries	1	1	0
Mirko_Plantić	wikicat_Living_people	1	1	0
Kalusha_Bwalya	wikicat_Belgian_Pro_League_players	1	1	0
Janakpur_Zone	wikicat_Zones_of_Nepal	2	2	0
Andrés_Orozco	wikicat_Living_people	1	1	0
Benton_County,_Minnesota	wikicat_Minnesota_counties	1	1	0
Washington,_D.C.	wikicat_Populated_places_on_the_Potomac_River	1	1	0
Northern_Illinois_University	wikicat_State_universities_in_Illinois	1	1	0
Portland,_Oregon	wikicat_Cities_in_Oregon	1	1	0
Mark_Crossley	wikicat_Living_people	1	1	0
Eric_Idle	wikicat_English_male_film_actors	1	1	0
Neustrelitz	wikicat_Towns_in_Mecklenburg-Vorpommern	1	1	0
Moldova	wikicat_Member_states_of_the_United_Nations	1	1	0
Kazakhstan	wordnet_country_108544813	1	1	0
Gena_Rowlands	wikicat_American_actors	1	1	0
Reinaldo_da_Cruz_Oliveira	wikicat_Expatriate_footballers_in_South_Korea	1	1	0
Georges_Bataille	wikicat_French_philosophers	1	1	0
Tony_Curtis	wordnet_person_100007846	1	1	0
Nancy_Sinatra	wikicat_Living_people	1	1	0
Belgium	wikicat_French-speaking_countries_and_territories	1	1	0
Frederik_Pohl	wikicat_English-language_writers	3	3	0
Portugal	wikicat_Countries_in_Europe	1	1	0
Graziano_Pellè	wikicat_Eredivisie_players	1	1	0
Castile-La_Mancha	wikicat_NUTS_2_statistical_regions_of_the_European_Union	1	1	0
New_Delhi	wikicat_Planned_cities	1	1	0
KAC_Marrakech	wordnet_club_108227214	1	1	0
La_Marsa	wikicat_Communes_of_Tunisia	2	2	0
Luke_Corbett	wikicat_Living_people	1	1	0
Málaga_C.F.	wordnet_club_108227214	1	1	0
Elmore_Leonard	wikicat_American_writers	1	1	0
Clinton_County,_Ohio	wikicat_Populated_places_established_in_1810	1	1	0
Federico_Fellini	wikicat_People_from_Rimini	1	1	0
Steve_Hackett	wikicat_Rock_guitarists	5	5	0
Opoczno_County	wikicat_Land_counties_of_Łódź_Voivodeship	1	1	0
Elmore_Leonard	wikicat_Writers	1	1	0
Iberian_Peninsula	wikicat_Peninsulas_of_Europe	5	5	0
Mounir_El_Hamdaoui	wikicat_Dutch_expatriates_in_England	2	2	0
Christopher_Reeve	wikicat_Actors	1	1	0
Kylie_Minogue	wikicat_Australian_singers	1	1	0
Arabic_language	wordnet_language_106282651	1	1	0
Tony_Sealy	wikicat_The_Football_League_players	1	1	0
Birmingham_City_F.C.	wikicat_Premier_League_clubs	1	1	0
Hermann_Hreiðarsson	wikicat_Iceland_international_footballers	1	1	0
Ludwig_Maximilian_University_of_Munich	wikicat_Public_universities	2	2	0
Genoa_C.F.C.	wikicat_Lega_Pro_Prima_Divisione_clubs	1	1	0
Benin	wikicat_Countries	1	1	0
David_Seaman	wikicat_English_footballers	1	1	0
FC_Khimki	wordnet_club_108227214	1	1	0
Fluminense_F.C.	wikicat_Association_football_clubs_established_in_1902	1	1	0
Damián_Manso	wikicat_Ligue_1_players	1	1	0
Forman_Christian_College	wikicat_Universities_and_colleges_in_Pakistan	1	1	0
Dario_Smoje	wikicat_Superleague_Greece_players	1	1	0
Fathi_Chebal	wikicat_Ligue_2_players	2	2	0
Union_Douala	wikicat_Football_clubs_in_Cameroon	1	1	0
Andrey_Movsisyan	wikicat_Russian_Premier_League_players	1	1	0
Steve_Bowey	wikicat_Living_people	1	1	0
Union_for_French_Democracy	wikicat_Political_parties_in_France	1	1	0
Kevin_Bacon	wikicat_American_film_directors	1	1	0
Ronald_Colman	wikicat_English_actors	1	1	0
Zacatepec	wikicat_Ascenso_MX_teams	1	1	0
Palm_Springs,_California	wikicat_Incorporated_cities_and_towns_in_California	1	1	0
Bulgaria	wikicat_Member_states_of_the_Union_for_the_Mediterranean	1	1	0
Jari_Litmanen	wikicat_Eredivisie_players	1	1	0
Jürgen_Moser	wikicat_Mathematical_analysts	1	1	0
Anel_Canales	wikicat_Association_football_forwards	1	1	0
Atherton,_California	wikicat_Cities_in_San_Mateo_County,_California	2	2	0
Edvard_Kocbek	wikicat_Slovenian_translators	1	1	0
Turku	wikicat_Cities_and_towns_in_Finland	1	1	0
Marion_Zimmer_Bradley	wikicat_Writers	1	1	0
Abia_State	wikicat_States_in_Igboland	1	1	0
Oumar_Dieng	wikicat_Living_people	1	1	0
Edmund_Gwenn	wikicat_English_male_stage_actors	2	2	0
Oak_Lawn,_Illinois	wikicat_Villages_in_Illinois	1	1	0
Kevin_Bacon	wikicat_American_actors	1	1	0
Jonathan_Lethem	wikicat_Postmodern_writers	1	1	0
The_Story_of_Alexander_Graham_Bell	wikicat_English-language_films	1	1	0
Turek_County	wikicat_Land_counties_of_Greater_Poland_Voivodeship	1	1	0
Jack_Cork	wikicat_England_under-21_international_footballers	1	1	0
Dune_(film)	wikicat_American_films	1	1	0
Bristol_Rovers_F.C.	wikicat_Football_clubs_in_England	1	1	0
Cuca_(footballer)	wikicat_Brazil_international_footballers	11	11	0
Modena_F.C.	wikicat_Italian_football_First_Division_clubs	1	1	0
Romy_Schneider	wikicat_Women	1	1	0
Don_DeLillo	wikicat_American_writers	1	1	0
Waupaca_County,_Wisconsin	wordnet_county_108546183	1	1	0
James_Hetfield	wikicat_Musicians_from_California	3	3	0
Joan_Capdevila	wikicat_UEFA_Euro_2004_players	59	59	0
Bournemouth	wordnet_site_108651247	1	1	0
Albania	wordnet_country_108544813	1	1	0
Gina_Lollobrigida	wikicat_Women	1	1	0
Paul_Bastock	wikicat_English_footballers	1	1	0
Jun_Senoue	wordnet_artist_109812338	1	1	0
Italian_Socialist_Party	wikicat_Political_parties_disestablished_in_1994	1	1	0
FC_Levadia_Tallinn	wordnet_club_108227214	1	1	0
Île-de-France	wordnet_region_108630039	1	1	0
Torino_F.C.	wikicat_Serie_A_clubs	1	1	0
Nikola_Karčev	wikicat_Living_people	1	1	0
Corey_Feldman	wikicat_American_male_film_actors	1	1	0
Rimas_Kurtinaitis	wikicat_Expatriate_basketball_people_in_Australia	1	1	0
Lijiang_Sanyi_Airport	wordnet_airport_102692232	1	1	0
Oleg_Veretennikov	wikicat_Living_people	1	1	0
Sétif	wikicat_Communes_of_Algeria	1	1	0
David_Cox_(statistician)	wordnet_scientist_110560637	1	1	0
Henri_Fuchs	wikicat_German_footballers	1	1	0
Hull_City_A.F.C.	wikicat_Premier_League_clubs	1	1	0
Philip_Roth	wikicat_Writers	1	1	0
George_Berkeley	wordnet_philosopher_110423589	1	1	0
S.L._Benfica	wikicat_Multi-sport_clubs_in_Portugal	1	1	0
Paulo_Figueiredo	wikicat_Segunda_Liga_players	3	3	0
Aníbal_Cavaco_Silva	wikicat_Living_people	1	1	0
Damascus	wordnet_site_108651247	1	1	0
Gene_Kelly	wikicat_American_actors	1	1	0
Clube_Atlético_Linense	wikicat_Football_clubs_in_São_Paulo_(state)	1	1	0
Steven_Spielberg	wikicat_American_people	1	1	0
Bolivia_national_football_team	wordnet_football_team_108080025	1	1	0
Pakistan_Muslim_League_(N)	wikicat_Conservative_parties_in_Pakistan	1	1	0
Werner_Heisenberg	wikicat_Ethnic_German_people	1	1	0
Kashima_Antlers	wikicat_Japan_Soccer_League_clubs	1	1	0
Lon_Chaney,_Jr.	wikicat_20th-century_American_male_actors	1	1	0
Dário_Monteiro	wikicat_Living_people	1	1	0
Gmina_Żukowo	wordnet_administrative_district_108491826	1	1	0
Alain_Juppé	wikicat_French_people	1	1	0
University_of_California,_Berkeley	wordnet_university_108286569	1	1	0
Republic_of_Ireland	wikicat_English-speaking_countries_and_territories	2	2	0
Helsingborg	wikicat_Port_cities_in_Sweden	1	1	0
Newton,_Massachusetts	wordnet_administrative_district_108491826	1	1	0
SC_Tavriya_Simferopol	wikicat_Association_football_clubs_disestablished_in_2014	1	1	0
South_Carolina	wikicat_Southern_United_States	2	2	0
Fleetwood_Town_F.C.	wikicat_Northern_Premier_League_clubs	1	1	0
Carrie_Fisher	wikicat_Actors	1	1	0
Inter_Milan	wikicat_Italian_football_First_Division_clubs	2	2	0
Jade_North	wikicat_Australia_international_soccer_players	1	1	0
Hugh_Grant	wikicat_English_television_actors	2	2	0
Ilian_Iliev	wikicat_Expatriate_footballers_in_Greece	1	1	0
Victoria_Cougars_(WHL)	wordnet_team_108208560	2	2	0
Juventus_F.C.	wikicat_Football_clubs_in_Italy	1	1	0
Norman_Foster_(director)	wikicat_American_male_film_actors	2	2	0
Patrick_Dimbala	wikicat_Living_people	1	1	0
Paul_Bastock	wikicat_Living_people	1	1	0
Rome	wikicat_Cities_and_towns_in_Italy	1	1	0
East_Timor	wordnet_country_108544813	1	1	0
Eastern_Region_(Ghana)	wordnet_administrative_district_108491826	1	1	0
Anouk_Aimée	wikicat_People_from_Paris	1	1	0
Papua_New_Guinea	wikicat_English-speaking_countries_and_territories	1	1	0
The_Last_Judgement_(1961_film)	wikicat_1960s_comedy_films	5	5	0
Graham_Arnold	wikicat_Australian_soccer_players	1	1	0
Mel_Tormé	wikicat_Telarc_Records_artists	27	27	0
Swindon_Town_F.C.	wikicat_Southern_Football_League_clubs	1	1	0
Pavel_Kirylchyk	wikicat_FC_Kairat_players	2	2	0
Steve_Book	wikicat_Living_people	1	1	0
Laos	wikicat_Southeast_Asian_countries	1	1	0
Spezia_Calcio	wikicat_Lega_Pro_Prima_Divisione_clubs	2	2	0
Artem_Starhorodskyi	wikicat_SC_Tavriya_Simferopol_players	1	1	0
Bangladesh	wikicat_Countries	1	1	0
Democratic_Party_(United_States)	wikicat_Liberal_parties	1	1	0
Sanjay_Dutt	wikicat_Male_actors_in_Hindi_cinema	2	2	0
Piranshahr_County	wordnet_administrative_district_108491826	1	1	0
Ricardo_Montalbán	wordnet_person_100007846	2	2	0
Pantheon-Sorbonne_University	wikicat_Universities_in_Paris	2	2	0
Senegal	wikicat_Countries	1	1	0
Bilbao	wikicat_Port_cities_and_towns_on_the_Spanish_Atlantic_coast	1	1	0
Vicenza	wikicat_Cities_and_towns_in_Veneto	1	1	0
Angola	wikicat_Bantu_countries_and_territories	1	1	0
Richard_Conte	wikicat_Actors	1	1	0
Nicolae_Dică	wikicat_Living_people	1	1	0
Matías_Masiero	wikicat_Serie_B_footballers	2	2	0
Iván_Guerrero	wikicat_Living_people	1	1	0
Wivenhoe_Town_F.C.	wordnet_club_108227214	1	1	0
Kiki_Musampa	wikicat_Dutch_footballers	3	3	0
Jean-Emmanuel_Effa_Owona	wikicat_Cameroon_international_footballers	1	1	0
Lausanne	wikicat_Populated_places_on_Lake_Geneva	1	1	0
Real_Betis	wikicat_La_Liga_clubs	1	1	0
Atli_Eðvaldsson	wikicat_Bundesliga_players	1	1	0
Tivoli,_Lazio	wikicat_Cities_and_towns_in_Lazio	1	1	0
Sligo	wikicat_Towns_in_Ireland	1	1	0
University_of_Zurich	wordnet_university_108286569	1	1	0
Lee_Johnson_(footballer)	wikicat_Living_people	1	1	0
Iraq	wikicat_Member_states_of_the_Organisation_of_Islamic_Cooperation	1	1	0
David_Arquette	wikicat_Actors	1	1	0
José_Martí_International_Airport	wikicat_Airfields_of_the_United_States_Army_Air_Forces	1	1	0
Chulalongkorn	wordnet_sovereign_110628644	1	1	0
Ayman_Abdelaziz	wikicat_Süper_Lig_players	1	1	0
Fred_Zinnemann	wikicat_American_film_directors	1	1	0
Carl_Airey	wikicat_The_Football_League_players	1	1	0
Lebanon	wikicat_Member_states_of_the_Organisation_of_Islamic_Cooperation	1	1	0
Samir_Aliyev	wikicat_Living_people	1	1	0
Marin_Petrov	wikicat_Bulgarian_A_Professional_Football_Group_players	1	1	0
Samuel_R._Delany	wikicat_Science_fiction_writers	1	1	0
Charles_Akonnor	wikicat_Ghana_international_footballers	1	1	0
Rhode_Island	wikicat_States_of_the_United_States	1	1	0
Danilo_Sacramento	wikicat_Brazilian_footballers	1	1	0
Santos_FC_(women)	wordnet_club_108227214	1	1	0
FC_Shakhtar_Donetsk	wordnet_club_108227214	1	1	0
Lionel_Jospin	wikicat_Sciences_Po_alumni	1	1	0
Joyce_Carol_Oates	wikicat_American_essayists	1	1	0
Mediterranean_Sea	wikicat_European_seas	5	5	0
Charles_Darwin	wikicat_British_people	1	1	0
Gary_Alexander_(basketball)	wikicat_Living_people	1	1	0
Recklinghausen	wikicat_Towns_in_North_Rhine-Westphalia	1	1	0
Teenage_Mutant_Ninja_Turtles_(film_series)	wikicat_Films_featuring_anthropomorphic_characters	4	4	0
Frank_Skinner_(composer)	wikicat_American_composers	1	1	0
Hugh_Grant	wikicat_20th-century_English_male_actors	2	2	0
Havana	wikicat_Capitals_in_Central_America	1	1	0
Yaroslav_Svorak	wikicat_FC_Karpaty_Lviv_players	3	3	0
Alain_Delon	wikicat_French_people	1	1	0
Richard_Francis-Bruce	wikicat_Living_people	1	1	0
Mario_Cáceres	wikicat_Expatriate_footballers_in_Greece	1	1	0
A.C._Monza_Brianza_1912	wikicat_Serie_B_clubs	1	1	0
Eduardo_Carvalho	wikicat_Primeira_Liga_players	1	1	0
Wallace_Shawn	wordnet_person_100007846	1	1	0
Michał_Kalecki	wikicat_20th-century_economists	1	1	0
University_at_Buffalo,_The_State_University_of_New_York	wikicat_Schools_of_informatics	1	1	0
Córdoba,_Argentina	wikicat_Capitals_of_Argentine_provinces	1	1	0
Republic_of_the_Congo	wikicat_French-speaking_countries_and_territories	1	1	0
North_African_Campaign	wikicat_Battles_of_World_War_II_involving_Germany	8	8	0
Brendan_Fraser	wikicat_American_male_film_actors	1	1	0
Pescara	wikicat_Cities_and_towns_in_Italy	1	1	0
W._S._Van_Dyke	wikicat_American_people	1	1	0
VU_University_Amsterdam	wordnet_university_108286569	2	2	0
Red_Bull_Brasil	wikicat_Football_clubs_in_São_Paulo_(city)	1	1	0
S.S.D._Piacenza_Calcio_1919	wikicat_Lega_Pro_Seconda_Divisione_clubs	1	1	0
Trabzon	wikicat_Ancient_Greek_sites_in_Turkey	1	1	0
Hapoel_Rishon_LeZion_F.C.	wordnet_club_108227214	1	1	0
Albert_Einstein	wikicat_Nobel_laureates_in_Physics	2	2	0
Elie_Aiboy	wikicat_2004_AFC_Asian_Cup_players	1	1	0
Albert_Lea,_Minnesota	wikicat_County_seats_in_Minnesota	2	2	0
Manuel_Almunia	wikicat_Segunda_División_B_footballers	1	1	0
José_Veiga	wikicat_Primeira_Liga_players	1	1	0
Rafael_Carlos_Santacruz	wikicat_Valencia_CF_Mestalla_footballers	2	2	0
Tom_Skerritt	wordnet_person_100007846	1	1	0
Edmund_Gwenn	wikicat_English_stage_actors	1	1	0
Isabella_II_of_Spain	wikicat_Princes_of_Asturias	1	1	0
Sarah_Jessica_Parker	wikicat_Women	1	1	0
Istria_County	wordnet_administrative_district_108491826	1	1	0
Colorado_Rapids	wikicat_Soccer_clubs_in_the_United_States	1	1	0
Ronald_Reagan	wikicat_20th-century_American_male_actors	2	2	0
Tunisia	wikicat_French-speaking_countries_and_territories	1	1	0
Roberto_Trashorras	wikicat_La_Liga_footballers	1	1	0
Sergei_Kolotovkin	wikicat_FC_Tyumen_players	2	2	0
Stefan_Majewski	wikicat_Widzew_Łódź_managers	1	1	0
Crawford_County,_Kansas	wordnet_county_108546183	1	1	0
Jean_Harlow	wikicat_Actors	1	1	0
Singapore	wikicat_Chinese-speaking_countries_and_territories	7	7	0
Courteney_Cox	wikicat_American_television_actresses	1	1	0
Keith_Jarrett	wordnet_artist_109812338	1	1	0
Vanuatu	wikicat_English-speaking_countries_and_territories	2	2	0
Seoul	wikicat_Cities_with_millions_of_inhabitants	1	1	0
Kenya	wikicat_Member_states_of_the_Commonwealth_of_Nations	1	1	0
Charles_S._Dutton	wikicat_American_actors	1	1	0
King's_College_London	wikicat_Universities_in_England	1	1	0
Shooting_Stars_SC	wikicat_Sports_clubs_in_Nigeria	1	1	0
Viggo_Mortensen	wikicat_Actors	1	1	0
Liam_Lawrence	wikicat_English_footballers	1	1	0
San_Jose_Earthquakes_(1974–88)	wikicat_Defunct_indoor_soccer_clubs_in_the_United_States	1	1	0
Palermo	wordnet_administrative_district_108491826	1	1	0
Ben_Davis_(basketball)	wikicat_American_expatriate_basketball_people_in_Spain	1	1	0
Scarborough,_Ontario	wikicat_Former_municipalities_in_Toronto	1	1	0
Erik_Edman	wikicat_Living_people	1	1	0
Géza_Kalocsay	wikicat_AC_Sparta_Prague_players	2	2	0
Sheffield_Wednesday_F.C.	wordnet_club_108227214	1	1	0
Jane_Murfin	wikicat_American_film_directors	1	1	0
United_Arab_Emirates	wikicat_Countries	1	1	0
Kingdom_of_Bavaria	wordnet_country_108544813	1	1	0
Guy_Feutchine	wikicat_Cameroonian_expatriate_footballers	2	2	0
Suat_Usta	wikicat_Turkish_footballers	1	1	0
Belgium	wikicat_Member_states_of_NATO	1	1	0
Sandra_Bullock	wikicat_21st-century_actors	1	1	0
Radomir_Đalović	wikicat_Red_Star_Belgrade_footballers	4	4	0
Ivan_Dragičević	wikicat_Living_people	1	1	0
Canton,_Ohio	wikicat_Cities_in_Ohio	1	1	0
Union_of_Democrats_for_the_Republic	wordnet_party_108256968	1	1	0
Locarno	wikicat_Municipalities_of_Switzerland	1	1	0
Peru_national_football_team	wordnet_football_team_108080025	1	1	0
Alexandro_da_Silva_Batista	wikicat_Pohang_Steelers_players	1	2	-1
Gary_Forrester	wikicat_American_bluegrass_musicians	3	4	-1
Lahore	wikicat_Cities_of_Pakistan	1	2	-1
Democratic_Alliance_(South_Africa)	wikicat_Liberal_parties	1	2	-1
Worcester	wikicat_Villages_in_the_West_Midlands_(county)	1	2	-1
David_Cassidy	wikicat_American_television_actors	4	5	-1
SK_Brann	wordnet_club_108227214	1	2	-1
Havana	wikicat_Capitals_in_North_America	3	4	-1
Meera_Jasmine	wordnet_person_100007846	3	4	-1
Russian_Civil_War	wikicat_Civil_wars	1	2	-1
Ruth_Rendell	wikicat_Living_people	1	2	-1
Saint-Jérôme,_Quebec	wikicat_Cities_and_towns_in_Quebec	2	3	-1
Prescot_Cables_F.C.	wikicat_North_West_Counties_Football_League_clubs	1	2	-1
Lazarus_Fuchs	wikicat_19th-century_German_mathematicians	2	3	-1
Maurice_Starr	wikicat_African-American_songwriters	2	3	-1
Sissy_Spacek	wikicat_21st-century_American_actresses	5	6	-1
FC_Shakhtar-2_Donetsk	wikicat_Defunct_football_clubs_in_Ukraine	1	2	-1
Club_Atlético_de_Madrid	wikicat_La_Liga_clubs	1	2	-1
Georg_Wilhelm_Friedrich_Hegel	wikicat_18th-century_German_writers	6	7	-1
Caroline_Seger	wikicat_Swedish_footballers	1	2	-1
Miloš_Dimitrijević	wikicat_Red_Star_Belgrade_footballers	1	2	-1
Sammo_Hung	wikicat_21st-century_Hong_Kong_male_actors	1	2	-1
Brian_Clemens	wikicat_English_screenwriters	2	3	-1
Ricardo_Sousa	wikicat_Expatriate_footballers_in_the_Netherlands	2	3	-1
C._V._Sridhar	wikicat_Indian_film_directors	1	2	-1
John_Badham	wikicat_British_people	5	6	-1
Dan_Aykroyd	wikicat_Canadian_male_comedians	16	17	-1
Immanuel_Kant	wikicat_German_philosophers	2	3	-1
Nicolas_Anelka	wikicat_Shanghai_Shenhua_F.C._players	3	4	-1
Helsinki	wikicat_Populated_coastal_places_in_Finland	1	2	-1
Peterborough_United_F.C.	wikicat_Football_League_clubs	1	2	-1
Jürgen_Moser	wikicat_American_people	1	2	-1
Gianfranco_Labarthe	wikicat_Huddersfield_Town_F.C._players	14	15	-1
Tom_Brighton	wikicat_Scottish_Football_League_players	1	2	-1
Jim_Rodwell	wikicat_Rushden_&amp;_Diamonds_F.C._players	33	34	-1
Steven_Pelé	wikicat_Stade_Rennais_F.C._players	1	2	-1
Nicolás_Diez	wikicat_Deportivo_Táchira_players	1	2	-1
Velletri	wikicat_Communes_of_the_Province_of_Rome	2	3	-1
Dick_Cheney	wikicat_American_people_of_English_descent	1	2	-1
Gregory_Peck	wikicat_21st-century_American_male_actors	1	2	-1
Lausanne	wikicat_Cantonal_capitals_of_Switzerland	1	2	-1
Aldous_Huxley	wikicat_Science_fiction_writers	3	4	-1
Kristian_Flittie_Onstad	wikicat_SK_Brann_players	1	2	-1
Brownwood,_Texas	wordnet_administrative_district_108491826	1	2	-1
Josh_Schwartz	wikicat_American_soap_opera_writers	2	3	-1
C.D._Universidad_de_Concepción	wordnet_club_108227214	2	3	-1
Oleh_Taran	wikicat_FC_Metalurh_Zaporizhya_players	13	14	-1
Anders_Jacobsen_(footballer)	wikicat_Skeid_Fotball_players	5	6	-1
Morocco	wikicat_Arabic-speaking_countries_and_territories	2	3	-1
Derek_Parlane	wikicat_Scottish_Football_League_players	2	3	-1
Pierre_Bérégovoy	wikicat_Prime_Ministers_of_France	1	2	-1
Le_streghe	wikicat_Italian-language_films	1	2	-1
Geraldine_Chaplin	wikicat_21st-century_American_actresses	1	2	-1
Fábio_José_dos_Santos	wikicat_J._League_Division_1_players	2	3	-1
Andrea_Cocco	wikicat_Italian_footballers	1	2	-1
Lima	wordnet_administrative_district_108491826	1	2	-1
Milan_Stojanoski	wikicat_Macedonian_footballers	2	3	-1
Georg_Wilhelm_Friedrich_Hegel	wikicat_Philosophers_of_art	4	5	-1
Brooke_Shields	wikicat_American_female_models	6	7	-1
Özden_Öngün	wikicat_MKE_Ankaragücü_footballers	9	10	-1
Phil_Keaggy	wikicat_American_composers	6	7	-1
Kurt_Vonnegut	wikicat_Science_fiction_writers	3	4	-1
Iron_County,_Utah	wordnet_county_108546183	1	2	-1
Henry_Fonda	wikicat_American_television_actors	1	2	-1
Poland_national_football_team	wikicat_European_national_association_football_teams	2	3	-1
George_R._R._Martin	wikicat_American_people_of_English_descent	4	5	-1
François_Hollande	wikicat_People_from_Rouen	1	2	-1
Cosenza_Calcio	wikicat_Lega_Pro_Prima_Divisione_clubs	1	2	-1
Richard_Logan_(footballer_born_1982)	wikicat_Cambridge_United_F.C._players	1	2	-1
University_of_St_Andrews	wordnet_university_108286569	1	2	-1
Gheorghe_Hagi	wikicat_Expatriate_footballers_in_Italy	1	2	-1
Norberto_Huezo	wikicat_Expatriate_footballers_in_Guatemala	1	2	-1
Tarragona	wikicat_Archaeological_sites_in_Spain	1	2	-1
Hungary_national_football_team	wikicat_European_national_association_football_teams	1	2	-1
Edmund_Gwenn	wikicat_British_people	1	2	-1
O'Hare_International_Airport	wikicat_Airports_in_Cook_County,_Illinois	1	2	-1
Sérgio_Araújo	wikicat_Fluminense_Football_Club_players	3	4	-1
Graham_Arnold	wikicat_Expatriate_footballers_in_Japan	3	4	-1
Maccabi_Ahi_Nazareth_F.C.	wordnet_club_108227214	1	2	-1
Southend_United_F.C.	wordnet_club_108227214	1	2	-1
Billy_Corgan	wikicat_Guitarists	1	2	-1
Barnet	wordnet_site_108651247	2	3	-1
Burgundy	wordnet_region_108630039	1	2	-1
Emilia-Romagna	wordnet_administrative_district_108491826	1	2	-1
Shreveport,_Louisiana	wikicat_Parish_seats_in_Louisiana	1	2	-1
Carla_Gugino	wikicat_American_people_of_English_descent	1	2	-1
Delta_Goodrem	wikicat_Australian_songwriters	42	43	-1
Ross_Macdonald	wikicat_English-language_writers	1	2	-1
Weston-super-Mare_A.F.C.	wikicat_Southern_Football_League_clubs	12	13	-1
Luke_Corbett	wikicat_English_footballers	1	2	-1
Charles_Fourier	wikicat_French_sociologists	1	2	-1
Paulo_Marcel_Pereira_Merabet	wikicat_Expatriate_footballers_in_South_Korea	1	2	-1
Jimmy_Oliver	wikicat_American_expatriate_basketball_people_in_Spain	1	2	-1
Jeremiah_Denton	wikicat_Vietnam_War_prisoners_of_war	11	12	-1
Jakarta	wikicat_Cities_with_millions_of_inhabitants	5	6	-1
Michał_Kalecki	wikicat_Polish_economists	26	27	-1
Gaston_Doumergue	wikicat_Knights_of_the_Elephant	39	40	-1
Mülheim	wikicat_Districts_of_North_Rhine-Westphalia	1	2	-1
Ger_Rowe	wikicat_Dundalk_F.C._players	3	4	-1
Robert_B._Parker	wikicat_21st-century_American_writers	6	7	-1
Jinan	wikicat_Sub-provincial_cities_in_the_People's_Republic_of_China	1	2	-1
Upper_Normandy	wikicat_NUTS_2_statistical_regions_of_the_European_Union	1	2	-1
Portland,_Maine	wikicat_Cities_in_Cumberland_County,_Maine	1	2	-1
Norman_Foster_(director)	wikicat_American_film_directors	2	3	-1
Francis_Ford_Coppola	wikicat_New_York_Military_Academy_alumni	1	2	-1
Carrie_Fisher	wikicat_American_film_producers	6	7	-1
Ambika_(actress)	wikicat_Actresses_in_Tamil_cinema	2	3	-1
Robin_Cook_(American_novelist)	wikicat_21st-century_American_novelists	1	2	-1
Ukraine	wikicat_States_and_territories_established_in_1991	1	2	-1
Philip_Pullman	wikicat_20th-century_British_novelists	1	2	-1
Gustavo_Victoria	wikicat_Colombia_international_footballers	2	3	-1
Västerbotten_County	wikicat_Counties_of_Sweden	1	2	-1
Molucca_Sea	wordnet_ocean_109376198	1	2	-1
Bismarck,_North_Dakota	wikicat_Cities_in_North_Dakota	2	3	-1
Lindsay_Lohan	wikicat_American_people_of_Irish_descent	32	33	-1
Olivia_Newton-John	wikicat_People_of_Welsh_descent	69	70	-1
Laos	wikicat_Communist_states	1	2	-1
Fabio_Bazzani	wikicat_21st-century_Italian_people	2	3	-1
Lucero_(entertainer)	wikicat_Mexican_female_singers	4	5	-1
George_Carlin	wikicat_20th-century_American_actors	2	3	-1
Massachusetts_Institute_of_Technology	wikicat_Land-grant_universities_and_colleges	5	6	-1
Santiago_Salcedo	wikicat_Expatriate_footballers_in_Turkey	1	2	-1
Denis_Leary	wikicat_American_screenwriters	9	10	-1
Jokerit	wordnet_hockey_team_108080386	1	2	-1
Roy_Orbison	wikicat_American_male_singers	1	2	-1
Miloš_Kolaković	wikicat_Expatriate_footballers_in_Hungary	12	13	-1
Patsy_Cline	wikicat_American_female_singers	1	2	-1
Worcester	wikicat_Cities_in_England	1	2	-1
Felix_Halfon	wikicat_Israel_under-21_international_footballers	10	11	-1
Montpellier_HSC_(Ladies)	wordnet_club_108227214	1	2	-1
Tandil	wikicat_Cities_in_Argentina	1	2	-1
Rally_of_the_French_People	wikicat_Political_parties_in_France	1	2	-1
Lee_Johnson_(footballer)	wikicat_Bristol_City_F.C._players	2	3	-1
Guy_Feutchine	wikicat_Superleague_Greece_players	1	2	-1
Cambridge,_Massachusetts	wikicat_Cities_in_Middlesex_County,_Massachusetts	4	5	-1
Ladislas_Douniama	wikicat_Ligue_1_players	1	2	-1
Russian_Academy_of_Sciences	wikicat_Academic_institutions	6	7	-1
Robert_Robinson_(organic_chemist)	wikicat_Faraday_Lecturers	27	28	-1
Portsmouth	wikicat_Port_cities_and_towns_in_England	1	2	-1
Thomas_Paine	wikicat_British_people	1	2	-1
Darryn_Stamp	wikicat_Gateshead_F.C._players	1	2	-1
Amy_LePeilbet	wikicat_United_Soccer_Leagues_W-League_players	1	2	-1
Lethbridge_Hurricanes	wordnet_hockey_team_108080386	1	2	-1
Kelly_Smith	wikicat_Women's_United_Soccer_Association_players	1	2	-1
Matthew_Broderick	wikicat_People_from_New_York_City	1	2	-1
Mogilev_Region	wikicat_Regions_of_Belarus	6	7	-1
Richland_County,_South_Carolina	wordnet_county_108546183	4	5	-1
Joshua_Jackson	wikicat_20th-century_actors	1	2	-1
Franz_Carr	wikicat_English_footballers	1	2	-1
Robert_B._Parker	wikicat_21st-century_American_novelists	6	7	-1
Milovan_Milović	wikicat_FK_Javor_Ivanjica_players	40	41	-1
Maldives	wikicat_Member_states_of_the_South_Asian_Association_for_Regional_Cooperation	4	5	-1
Europe_Ecology_–_The_Greens	wikicat_Green_political_parties	8	9	-1
Newcastle_upon_Tyne	wordnet_administrative_district_108491826	2	3	-1
UE_Lleida	wordnet_club_108227214	1	2	-1
Ilija_Najdoski	wikicat_Expatriate_footballers_in_Spain	2	3	-1
Montedio_Yamagata	wordnet_club_108227214	2	3	-1
Awvee_Storey	wikicat_New_Yorker_Phantoms_Braunschweig_players	14	15	-1
Jermain_Defoe	wikicat_People_from_London	2	3	-1
Borough_of_Fylde	wikicat_Local_government_districts_of_North_West_England	2	3	-1
Chuck_Norris	wikicat_20th-century_American_actors	1	2	-1
Santiago_Cañizares	wikicat_Spanish_footballers	1	2	-1
Igor_Štimac	wikicat_Expatriate_footballers_in_Spain	1	2	-1
Nick_McKoy	wikicat_Football_Conference_players	1	2	-1
Luis_García_(footballer,_born_1978)	wikicat_Atlético_Madrid_footballers	16	17	-1
Scotland	wikicat_Autonomous_country_subdivisions	2	3	-1
Bloemfontein	wikicat_Populated_places_founded_by_Afrikaners	4	5	-1
Miloš_Kolaković	wikicat_Association_football_forwards	4	5	-1
Hopkinsville,_Kentucky	wikicat_County_seats_in_Kentucky	1	2	-1
Lee_Chapman	wikicat_Expatriate_footballers_in_Norway	14	15	-1
Tours_FC	wordnet_club_108227214	2	3	-1
Xavier_Gravelaine	wikicat_SM_Caen_players	78	79	-1
California	wikicat_States_of_the_United_States	8	9	-1
Ramón_Núñez	wikicat_Liga_MX_footballers	1	2	-1
Tübingen_(region)	wikicat_Government_regions_of_Germany	1	2	-1
Hugo_Carreira	wikicat_Expatriate_footballers_in_China	1	2	-1
Sani_Kaita	wikicat_FC_Kuban_Krasnodar_players	2	3	-1
Lower_Carniola	wikicat_Subdivisions_of_Carniola	1	2	-1
Frances_Goodrich	wikicat_American_screenwriters	6	7	-1
Vijay_(actor)	wikicat_Tamil_actors	2	3	-1
Wallonia	wikicat_Regions_of_Belgium	1	2	-1
Tokushima,_Tokushima	wikicat_Populated_coastal_places_in_Japan	1	2	-1
Michael_Douglas	wikicat_21st-century_actors	1	2	-1
Fausto_Lourenço	wikicat_Expatriate_footballers_in_Bulgaria	5	6	-1
Marcos_Paulo_Alves	wikicat_FC_Metalist_Kharkiv_players	2	3	-1
Georges_Simenon	wikicat_Belgian_writers	1	2	-1
ACF_Fiorentina	wikicat_Serie_A_clubs	1	2	-1
Yevhen_Lutsenko	wikicat_Ukrainian_Premier_League_players	1	2	-1
Anjelica_Huston	wikicat_21st-century_American_actresses	1	2	-1
North_Brabant	wordnet_administrative_district_108491826	1	2	-1
Santiago_Salcedo	wikicat_Expatriate_footballers_in_Japan	1	2	-1
François_Hollande	wikicat_French_politicians	1	2	-1
June_Allyson	wikicat_American_stage_actors	1	2	-1
Alessio_Cerci	wikicat_Italy_youth_international_footballers	57	58	-1
Miklós_Horthy	wordnet_officeholder_110371450	1	2	-1
Aldous_Huxley	wikicat_English_humanists	3	4	-1
Toshiko_Akiyoshi	wikicat_American_jazz_pianists	4	5	-1
Curd_Jürgens	wikicat_German-language_film_directors	2	3	-1
Steve_Croudson	wikicat_English_footballers	2	3	-1
Miah_Dennehy	wikicat_Waterford_United_F.C._players	5	6	-1
Vancouver_Island	wikicat_Islands_of_Canada	1	2	-1
Reinaldo_da_Cruz_Oliveira	wikicat_J._League_players	2	3	-1
Evgeny_Yarovenko	wikicat_FC_Taraz_players	4	5	-1
David_Cassidy	wikicat_American_singers	3	4	-1
Prijepolje	wikicat_Populated_places_in_Zlatibor_District	1	2	-1
Héverton_Durães_Coutinho_Alves	wikicat_K_League_players	2	3	-1
Velletri	wikicat_Cities_and_towns_in_Italy	3	4	-1
Jordi_Gómez	wikicat_FC_Barcelona_footballers	5	6	-1
Anne_Shirley_(actress)	wikicat_Actors	1	2	-1
Dune_(film)	wikicat_1980s_science_fiction_films	36	37	-1
Roy_Scheider	wikicat_American_people_of_Irish_descent	3	4	-1
Figari_Sud-Corse_Airport	wikicat_Airports_in_France	3	4	-1
Seol_Ki-hyeon	wikicat_Al-Hilal_FC_players	2	3	-1
Dilip_Kumar	wikicat_Male_actors_from_Mumbai	5	6	-1
Kemi	wikicat_Populated_coastal_places_in_Finland	2	3	-1
Eric_Clapton	wikicat_English-language_singers	3	4	-1
Italian_Liberal_Party	wikicat_Defunct_political_parties_in_Italy	1	2	-1
Asturias_Airport	wordnet_airport_102692232	4	5	-1
Junior_Agogo	wikicat_People_from_Accra	4	5	-1
Margaret_Sullavan	wikicat_American_stage_actors	3	4	-1
East_Azerbaijan_Province	wikicat_Provinces_of_Iran	2	3	-1
Evgeny_Yarovenko	wikicat_Ukrainian_Premier_League_players	3	4	-1
Port_of_Spain	wikicat_Port_cities_in_the_Caribbean	1	2	-1
Martin_Luther_King,_Jr.	wikicat_Fellows_of_the_American_Academy_of_Arts_and_Sciences	1	2	-1
Ross_Macdonald	wikicat_American_crime_fiction_writers	7	8	-1
Cotonou	wikicat_Populated_places_in_Benin	3	4	-1
Tarlan_Ahmadov	wikicat_Azerbaijani_expatriate_footballers	4	5	-1
Pierre_Trudeau	wikicat_Alumni_of_the_London_School_of_Economics	1	2	-1
Peter_Fonda	wikicat_20th-century_actors	1	2	-1
Thomas_Mulcair	wikicat_Canadian_people	1	2	-1
Philip_III_of_France	wikicat_Roman_Catholic_monarchs	3	4	-1
Nicolás_Muñoz	wikicat_C.D._Aguila_footballers	1	2	-1
Sani_Kaita	wikicat_Footballers_at_the_2008_Summer_Olympics	1	2	-1
Czech_Republic_national_under-21_football_team	wikicat_European_national_under-21_association_football_teams	1	2	-1
War_of_the_Second_Coalition	wikicat_19th-century_conflicts	3	4	-1
Mark_Peat	wikicat_Stirling_Albion_F.C._players	1	2	-1
Natasha_Richardson	wikicat_English_film_actresses	2	3	-1
Friedrich_Hirzebruch	wikicat_German_mathematicians	4	5	-1
Gerry_Britton	wikicat_Livingston_F.C._players	36	37	-1
Europe_Ecology_–_The_Greens	wikicat_Political_parties_of_the_Fifth_Republic	1	2	-1
University_of_New_Mexico	wikicat_Oak_Ridge_Associated_Universities	3	4	-1
Ludwig_Wittgenstein	wordnet_philosopher_110423589	1	2	-1
Serhiy_Rozhok	wikicat_FC_Kryvbas_Kryvyi_Rih_players	26	27	-1
Nicolae_Iorga	wikicat_20th-century_writers	2	3	-1
Wichita	wikicat_Populated_places_established_in_1863	1	2	-1
Pedro_León	wikicat_La_Liga_footballers	1	2	-1
Kemi	wikicat_Port_cities_and_towns_in_Finland	2	3	-1
Arabic_language	wikicat_Languages_of_Lebanon	1	2	-1
Accra	wikicat_Port_cities	1	2	-1
Gene_Wilder	wikicat_21st-century_actors	2	3	-1
Marc_Arnold	wikicat_Expatriate_footballers_in_Germany	1	2	-1
Lenny_Kravitz	wikicat_American_actors	1	2	-1
North_African_Campaign	wikicat_Battles_and_operations_of_World_War_II_involving_France	5	6	-1
Newcastle_upon_Tyne	wikicat_Port_cities_and_towns_of_the_North_Sea	2	3	-1
Walt_Disney	wikicat_American_people_of_Irish_descent	7	8	-1
Arthur_Moses	wikicat_People_from_Accra	1	2	-1
George_Best	wikicat_People_from_Belfast	8	9	-1
Kostyantyn_Kravchenko	wikicat_FC_Shakhtar_Donetsk_players	1	2	-1
George_Berkeley	wikicat_Philosophers_of_science	19	20	-1
Meudon	wikicat_Cities_in_France	1	2	-1
Tyra_Banks	wikicat_LGBT_rights_activists_from_the_United_States	26	27	-1
Lemar	wikicat_British_musicians	2	3	-1
James_Wesolowski	wikicat_The_Football_League_players	1	2	-1
Liam_Neeson	wikicat_American_television_actors	7	8	-1
Zlatan_Ibrahimović	wikicat_Expatriate_footballers_in_Spain	1	2	-1
Gordon_Milne	wikicat_The_Football_League_managers	1	2	-1
Joshua_Jackson	wikicat_20th-century_American_actors	1	2	-1
Walter_Novellino	wikicat_Italy_international_footballers	8	9	-1
Godfrey_Ingram	wikicat_North_American_Soccer_League_(1968–84)_players	2	4	-2
Saša_Ćurčić	wikicat_FK_Partizan_players	2	4	-2
F.C._Hansa_Rostock	wikicat_Football_clubs_in_East_Germany	16	18	-2
Anthony_Whelan	wikicat_Bohemian_F.C._players	1	3	-2
Donald_Crisp	wikicat_English_film_directors	1	3	-2
Kostyantyn_Panin	wikicat_Ukrainian_footballers	4	6	-2
War_of_the_Second_Coalition	wikicat_18th-century_conflicts	5	7	-2
Giulietta_Masina	wikicat_Italian_film_actresses	2	4	-2
Order_of_Liberty	wikicat_Orders_of_knighthood_awarded_to_heads_of_state,_consorts_and_sovereign_family_members	1	3	-2
Gottlob_Frege	wikicat_20th-century_mathematicians	5	7	-2
England_national_under-21_football_team	wikicat_England_national_football_teams	3	5	-2
Ralph_Hasenhüttl	wikicat_2._Bundesliga_players	4	6	-2
Germany	wikicat_Federal_countries	25	27	-2
Dan_Aykroyd	wikicat_Carleton_University_alumni	8	10	-2
Málaga	wikicat_University_towns	12	14	-2
Ludwig_von_Mises	wikicat_Jewish_American_writers	1	3	-2
Kingdom_of_Hanover	wikicat_Former_countries_in_Europe	2	4	-2
Media_General	wikicat_Media_companies_of_the_United_States	12	14	-2
Bruce_Greenwood	wikicat_Canadian_male_voice_actors	5	7	-2
Modeste_M'bami	wikicat_2003_FIFA_Confederations_Cup_players	1	3	-2
Charles_University_in_Prague	wikicat_Educational_institutions_established_in_the_14th_century	1	3	-2
Osnabrück	wikicat_Cities_in_Lower_Saxony	1	3	-2
Gene_Kelly	wikicat_Kennedy_Center_honorees	3	5	-2
Sylvia_Plath	wikicat_American_poets	3	5	-2
Dessau	wikicat_Cities_in_Saxony-Anhalt	1	3	-2
Julianne_Moore	wikicat_American_stage_actors	3	5	-2
Lyn_Fotball	wikicat_Association_football_clubs_disestablished_in_2010	16	18	-2
Karl_Popper	wikicat_20th-century_philosophers	2	4	-2
Max_Planck	wikicat_20th-century_German_people	15	17	-2
Daisuke_Matsui	wikicat_Expatriate_footballers_in_Russia	2	4	-2
Maastricht	wordnet_administrative_district_108491826	2	4	-2
Delhi	wordnet_administrative_district_108491826	1	3	-2
Lasha_Jakobia	wikicat_FC_Zakarpattia_Uzhhorod_players	2	4	-2
Matt_Dillon	wikicat_21st-century_American_male_actors	1	3	-2
Peter_Kropotkin	wikicat_Russian_expatriates	5	7	-2
Émerson_Leão	wikicat_1986_FIFA_World_Cup_players	3	5	-2
Paramaribo	wordnet_site_108651247	6	8	-2
Boz_Scaggs	wikicat_Guitarists	8	10	-2
George_Carlin	wikicat_Actors_from_New_York	5	7	-2
Namur	wikicat_Provincial_capitals_of_Wallonia	2	4	-2
Jade_North	wikicat_J._League_Division_1_players	1	3	-2
Steven_Spielberg	wikicat_20th-century_American_actors	2	4	-2
William_Thomson,_1st_Baron_Kelvin	wikicat_People_of_the_Industrial_Revolution	5	7	-2
United_States	wikicat_Countries	1	3	-2
Manuel_Preciado_Rebolledo	wikicat_Racing_de_Santander_footballers	24	26	-2
Voltaire	wikicat_French_essayists	2	4	-2
Mumtaz_(actress)	wikicat_Actresses_in_Hindi_cinema	2	4	-2
Erasmus_Prize	wordnet_award_106696483	10	12	-2
Jamie_Moralee	wikicat_Crewe_Alexandra_F.C._players	255	257	-2
Rubén_Piaggio	wikicat_Expatriate_footballers_in_Spain	2	4	-2
Tehachapi,_California	wordnet_administrative_district_108491826	2	4	-2
Joseph_Stiglitz	wikicat_Jewish_American_social_scientists	3	5	-2
Navy_Cross	wikicat_Courage_awards	9	11	-2
Frank_Sinatra	wikicat_Western_(genre)_film_actors	5	7	-2
Pierce_Brosnan	wikicat_Irish_male_film_actors	1	3	-2
Cincinnati	wikicat_Cities_in_Hamilton_County,_Ohio	2	4	-2
Helensburgh	wordnet_site_108651247	1	3	-2
Tam_McManus	wikicat_Falkirk_F.C._players	2	4	-2
Ronald_Fisher	wikicat_People_from_London	2	4	-2
Christopher_Reeve	wikicat_21st-century_American_male_actors	1	3	-2
NK_Triglav_Kranj	wordnet_club_108227214	2	4	-2
Faith_Evans	wikicat_American_hip_hop_singers	25	27	-2
Order_of_the_Nile	wordnet_award_106696483	5	7	-2
Will_Gregory	wikicat_British_synthpop_new_wave_musicians	24	26	-2
Vannevar_Bush	wikicat_Tufts_University_alumni	1	3	-2
Wassily_Leontief	wikicat_American_academics	1	3	-2
Paul_Simon	wikicat_American_guitarists	4	6	-2
Richard_Duffy	wikicat_Swansea_City_A.F.C._players	1	3	-2
Georgetown,_Guyana	wikicat_Capitals	4	6	-2
Tupac_Shakur	wikicat_20th-century_American_poets	867	869	-2
Gary_Moore	wikicat_British_rock_musicians	1	3	-2
Frank_Morgan	wikicat_Stage_actors	42	44	-2
Matt_Dillon	wikicat_Living_people	4	6	-2
Luc_Nijholt	wikicat_Swindon_Town_F.C._players	2	4	-2
Aldo_Adorno	wikicat_Expatriate_footballers_in_Israel	1	3	-2
Donald_Crisp	wikicat_English_screenwriters	22	24	-2
Romeo_Filipović	wikicat_FK_Željezničar_players	3	5	-2
Frances_Goodrich	wikicat_Writers	5	7	-2
Winston_Churchill	wikicat_Knights_of_the_Garter	11	13	-2
Duluth,_Georgia	wikicat_Populated_places_in_Georgia_(U.S._state)	5	7	-2
Gaston_Doumergue	wikicat_French_people_of_World_War_I	15	17	-2
FC_Chomutov	wordnet_club_108227214	2	4	-2
Marius_Niculae	wikicat_Expatriate_footballers_in_Ukraine	7	9	-2
Artavazd_Karamyan	wikicat_FC_Rapid_București_players	30	32	-2
Kashmir_Valley	wikicat_Subdivisions_of_Pakistan	1	3	-2
Terrel_Castle	wikicat_American_expatriate_basketball_people_in_Spain	4	6	-2
Vadsø_Airport	wordnet_airport_102692232	1	3	-2
Aníbal_Cavaco_Silva	wikicat_Knights_of_the_Order_of_the_Gold_Lion_of_the_House_of_Nassau	5	7	-2
Cosenza_Calcio	wikicat_Serie_B_clubs	1	3	-2
Elazığ_Province	wordnet_administrative_district_108491826	5	7	-2
Raoul_Magrin-Vernerey	wikicat_Companions_of_the_Liberation	3	5	-2
Gregory_Peck	wikicat_21st-century_actors	3	5	-2
Judy_Garland	wikicat_American_singers	2	4	-2
Sebastian_Helbig	wikicat_FC_Energie_Cottbus_players	30	32	-2
FC_Shakhtar_Donetsk	wikicat_Football_clubs_in_Ukraine	1	3	-2
Gümüşhane_Province	wordnet_administrative_district_108491826	1	3	-2
Michael_Lamey	wikicat_Dutch_footballers	5	7	-2
Reto_Ziegler	wikicat_Swiss_footballers	2	4	-2
Johnny_Mandel	wikicat_American_jazz_composers	3	5	-2
CR_Vasco_da_Gama	wordnet_club_108227214	2	4	-2
Andrija_Kaluđerović	wikicat_Serbian_expatriates_in_Spain	2	4	-2
Alan_Dodd_(English_footballer)	wikicat_Stoke_City_F.C._players	1	3	-2
Benjamin_Fondane	wikicat_Surrealist_poets	1	3	-2
Multan_District	wikicat_Districts_of_Punjab,_Pakistan	1	3	-2
Sugar_Land,_Texas	wikicat_Cities_in_Fort_Bend_County,_Texas	4	6	-2
Fernando_Meira	wikicat_Russian_Premier_League_players	1	3	-2
Eastleigh_F.C.	wikicat_Southern_Football_League_clubs	2	4	-2
Kozienice_County	wikicat_Land_counties_of_Masovian_Voivodeship	9	11	-2
Sarah_Huffman	wikicat_Expatriate_footballers_in_Norway	34	36	-2
Edgar_Çani	wikicat_U.S._Città_di_Palermo_players	2	4	-2
Houston	wikicat_Capitals_of_former_nations	29	31	-2
Vanče_Šikov	wikicat_Macedonia_international_footballers	2	4	-2
A.E.K._Athens_F.C.	wordnet_club_108227214	13	15	-2
Laptev_Sea	wikicat_Seas_of_Russia	8	10	-2
Janet_Leigh	wikicat_People_from_Stockton,_California	3	5	-2
Rodney_Bush	wikicat_Expatriate_footballers_in_Scotland	1	3	-2
Leonid_Hurwicz	wikicat_Russian_economists	41	43	-2
Trinidad	wordnet_island_109316454	1	3	-2
O._P._Nayyar	wikicat_Indian_people	4	6	-2
Fábio_Bilica	wikicat_Expatriate_footballers_in_Italy	1	3	-2
Craig_Beattie	wikicat_Association_football_forwards	25	27	-2
Julian_Schwinger	wikicat_Jewish_scientists	2	4	-2
Helsinki	wikicat_Municipalities_of_Uusimaa	16	18	-2
Eastern_AA	wikicat_Football_clubs_in_Hong_Kong	1	3	-2
Nikita_Rukavytsya	wikicat_Australia_international_soccer_players	2	4	-2
Nalanda_district	wikicat_Districts_of_Bihar	3	5	-2
Óscar_Alcides_Mena	wikicat_Atlético_Madrid_footballers	78	80	-2
Gene_Wilder	wikicat_American_comedians	1	3	-2
Benjamin_Fondane	wikicat_Romanian_dramatists_and_playwrights	4	6	-2
Chennai	wikicat_Cities_and_towns_in_Tamil_Nadu	10	13	-3
Lenny_Kravitz	wikicat_21st-century_American_male_actors	2	5	-3
George_W._Bush	wikicat_American_people_of_French_descent	33	36	-3
Suat_Usta	wikicat_Turkey_under-21_international_footballers	3	6	-3
All_Boys	wordnet_club_108227214	9	12	-3
Klaus_Toppmöller	wikicat_Germany_B_international_footballers	4	7	-3
Fontenay-sous-Bois	wikicat_Cities_in_France	1	4	-3
Edmund_Gwenn	wikicat_People_from_Wandsworth_(London_borough)	12	15	-3
Summit,_New_Jersey	wikicat_Cities_in_Union_County,_New_Jersey	9	12	-3
Burton_Albion_F.C.	wordnet_club_108227214	1	4	-3
Millwall_F.C.	wikicat_Football_clubs_in_England	1	4	-3
Dominic_Foley	wikicat_Queens_Park_Rangers_F.C._players	4	7	-3
Maceió	wikicat_State_capitals_in_Brazil	2	5	-3
Kronstadt	wikicat_Cities_of_Military_Glory	2	5	-3
Sigmund_Freud	wikicat_Jewish_scientists	2	5	-3
Gustavo_Victoria	wikicat_Deportivo_Pereira_footballers	11	14	-3
Robert_Robinson_(organic_chemist)	wikicat_Presidents_of_the_Royal_Society	6	9	-3
Paul_Robinson_(footballer,_born_1984)	wikicat_Football_Conference_players	1	4	-3
Boz_Scaggs	wikicat_American_guitarists	2	5	-3
Vyacheslav_Sviderskyi	wikicat_FC_Dynamo_Kyiv_players	3	6	-3
Gene_Kelly	wikicat_American_people_of_Irish_descent	8	11	-3
Martin_Luther_King,_Jr.	wikicat_Spingarn_Medal_winners	1	4	-3
Karl_Marx	wikicat_19th-century_economists	25	28	-3
David_Lynch	wikicat_American_rock_musicians	4	7	-3
Bernardo_Tengarrinha	wikicat_PFC_CSKA_Sofia_players	7	10	-3
Joseph-Désiré_Job	wikicat_Expatriate_footballers_in_England	3	6	-3
The_Banquet_(1991_film)	wikicat_Hong_Kong_films	1	4	-3
Frank_Tuttle	wikicat_Screenwriters	7	10	-3
Jean-Emmanuel_Effa_Owona	wikicat_Terengganu_FA_players	2	5	-3
Daniel_Majstorović	wikicat_AIK_Fotboll_players	27	30	-3
Cairo	wikicat_Cities_in_Egypt	7	10	-3
Scarborough_F.C.	wikicat_Defunct_Football_League_clubs	3	6	-3
Alexandria	wikicat_Ancient_Greek_cities	6	9	-3
Jean-Paul_Sartre	wordnet_writer_110794014	1	4	-3
Bruno_Cirillo	wikicat_Expatriate_footballers_in_Cyprus	1	4	-3
John_Ireland_(actor)	wikicat_American_people_of_Canadian_descent	14	17	-3
Dundee	wordnet_site_108651247	11	14	-3
Panathinaikos_B.C.	wikicat_Euroleague-winning_clubs	3	6	-3
George_Best	wikicat_Expatriate_soccer_players_in_South_Africa	24	27	-3
Karl_Marx	wikicat_Philosophers_of_law	9	12	-3
Nelson_Benítez	wikicat_Primeira_Liga_players	1	4	-3
Alan_Dodd_(English_footballer)	wikicat_Expatriate_footballers_in_Sweden	1	4	-3
Isidor_Isaac_Rabi	wikicat_Columbia_University_alumni	4	7	-3
Al_Hazm_(football_club)	wordnet_club_108227214	2	5	-3
Atila_Turan	wikicat_French_expatriate_footballers	7	10	-3
Gosford	wikicat_Cities_in_Australia	1	4	-3
United_States	wikicat_Member_states_of_NATO	14	17	-3
Roque_Santa_Cruz	wikicat_Paraguay_international_footballers	36	39	-3
Whig_Party_(United_States)	wikicat_Defunct_political_parties_in_the_United_States	7	10	-3
Rosa_Luxemburg	wikicat_Assassinated_politicians	48	51	-3
Simon_Donaldson	wikicat_Living_people	1	4	-3
United_Arab_Emirates	wikicat_Member_states_of_the_Cooperation_Council_for_the_Arab_States_of_the_Gulf	3	6	-3
ASK_Riga	wikicat_Euroleague-winning_clubs	6	9	-3
Rosa_Luxemburg	wikicat_Marxist_writers	3	6	-3
Ivor_Novello_Awards	wikicat_Music_awards	2	5	-3
Moldova	wikicat_Countries_in_Europe	1	4	-3
John_Kerry	wikicat_American_people_of_Scottish_descent	1	4	-3
Tony_Dinning	wikicat_Walsall_F.C._players	2	5	-3
Bruno_Rodriguez	wikicat_AC_Ajaccio_players	20	23	-3
Kazakhstan	wikicat_Countries_in_Europe	3	6	-3
Nathan_Abbey	wikicat_Northampton_Town_F.C._players	1	4	-3
Julio_Cortázar	wikicat_People_from_Paris	2	5	-3
War_of_the_Second_Coalition	wikicat_Napoleonic_Wars_treaties	12	15	-3
Rik_Mayall	wikicat_British_comedians	14	17	-3
Peter_Frampton	wikicat_Lead_guitarists	13	16	-3
Paraíba	wordnet_administrative_district_108491826	1	4	-3
Joshua_Jackson	wikicat_American_male_child_actors	155	158	-3
Stockholm	wikicat_Coastal_cities_and_towns_in_Sweden	1	4	-3
Ikechi_Anya	wikicat_Scottish_expatriates_in_Spain	2	5	-3
Julian_Schwinger	wikicat_American_Nobel_laureates	1	4	-3
Liam_Neeson	wikicat_Living_people	1	4	-3
Pete_Seeger	wikicat_American_buskers	3	6	-3
Héverton_Durães_Coutinho_Alves	wikicat_Brazilian_expatriates_in_South_Korea	2	5	-3
Mińsk_County	wikicat_Land_counties_of_Masovian_Voivodeship	9	12	-3
Darragh_Ryan	wikicat_St_Patrick's_Athletic_F.C._players	7	10	-3
Gary_Moore	wikicat_Blues_musicians	188	191	-3
Gottlob_Frege	wikicat_20th-century_philosophers	2	5	-3
Anne,_Princess_Royal	wikicat_English_people	5	8	-3
James_Robertson_Justice	wikicat_British_people	1	4	-3
Gabriel_Enrique_Gómez	wikicat_2011_CONCACAF_Gold_Cup_players	1	4	-3
Morocco	wikicat_Countries_in_Africa	2	5	-3
Muscat,_Oman	wordnet_administrative_district_108491826	3	6	-3
Le_Havre	wikicat_Ports_and_harbours_of_the_English_Channel	9	12	-3
North_African_Campaign	wikicat_Battles_and_operations_of_World_War_II_involving_India	4	7	-3
Alicia_Silverstone	wikicat_American_stage_actors	2	5	-3
Roger_Hodgson	wikicat_English_songwriters	2	5	-3
Roberto_Pompei	wikicat_Huracán_footballers	31	34	-3
Wim_Suurbier	wikicat_Expatriate_soccer_players_in_the_United_States	9	12	-3
Istanbul	wikicat_Cities_in_Turkey	1	4	-3
Peter_Fonda	wikicat_Actors_from_New_York	2	5	-3
Matt_Dillon	wikicat_21st-century_actors	3	6	-3
Martin_Luther_King,_Jr.	wikicat_American_Christian_ministers	1	4	-3
Seïd_Khiter	wikicat_French_people_of_Algerian_descent	4	7	-3
Nélson_Marcos	wikicat_Serie_A_footballers	2	5	-3
Nigeria	wikicat_Member_states_of_OPEC	1	4	-3
Robert_Jarni	wikicat_HNK_Hajduk_Split_players	11	14	-3
Paulo_Figueiredo	wikicat_People_from_Luanda	3	6	-3
Paul_Dickov	wikicat_Blackpool_F.C._players	3	6	-3
Abdel_Sattar_Sabry	wikicat_C.S._Marítimo_players	9	12	-3
Minsk	wikicat_Capitals_in_Europe	1	4	-3
Marcel_Domingo	wikicat_Nîmes_Olympique_managers	2	5	-3
1._FC_Magdeburg	wikicat_Football_clubs_in_Saxony-Anhalt	11	14	-3
John_Cleese	wikicat_English_male_radio_actors	4	7	-3
Plovdiv	wikicat_Former_capitals_of_Bulgaria	7	10	-3
Habib_Bamogo	wikicat_Panetolikos_players	3	6	-3
Steven_Spielberg	wikicat_American_film_producers	1	4	-3
Justus_von_Liebig	wikicat_German_chemists	11	15	-4
Jimmy_McGeough,_Jr.	wikicat_National_Professional_Soccer_League_(1984–2001)_players	3	7	-4
Namibian_War_of_Independence	wikicat_Wars_of_independence	10	14	-4
Abel_Xavier	wikicat_Hannover_96_players	193	197	-4
Sergio_Romero	wikicat_Olympic_medalists_in_football	2	6	-4
Alexander_R._Todd,_Baron_Todd	wikicat_Nobel_laureates_in_Chemistry	2	6	-4
Riyadh	wikicat_Provincial_capitals_of_Saudi_Arabia	1	5	-4
Nick_McKoy	wikicat_Scottish_Football_League_players	2	6	-4
Ronald_Reagan	wikicat_American_television_actors	3	7	-4
Teemu_Pukki	wikicat_Expatriate_footballers_in_Spain	3	7	-4
Georgios_Vakouftsis	wikicat_Skoda_Xanthi_F.C._players	5	9	-4
Lin_Carter	wikicat_Fantasy_writers	12	16	-4
Bruno_Simão	wikicat_Expatriate_footballers_in_Slovakia	74	78	-4
Arne_Friedrich	wikicat_Germany_international_footballers	32	36	-4
Freetown	wikicat_Port_cities_in_Africa	1	5	-4
Emrah_Eren	wikicat_Denizlispor_footballers	25	29	-4
Sani_Kaita	wikicat_Olympic_medalists_in_football	3	7	-4
Nicolas_Anelka	wikicat_French_expatriate_footballers	3	7	-4
William_Holden	wikicat_People_from_Illinois	26	30	-4
Ludwig_Wittgenstein	wikicat_Philosophers_of_mind	2	6	-4
China	wikicat_East_Asian_countries	4	8	-4
Matt_Carmichael_(footballer)	wikicat_Association_football_forwards	7	11	-4
David_Martin_(footballer_born_1986)	wikicat_Derby_County_F.C._players	19	23	-4
Matthew_Bellamy	wikicat_Lead_guitarists	4	8	-4
Vitória_S.C.	wikicat_Football_clubs_in_Portugal	2	6	-4
Lasha_Jakobia	wikicat_Expatriate_footballers_in_Romania	6	10	-4
Mercedes_Lackey	wikicat_20th-century_women_writers	1	5	-4
The_Hague	wikicat_Cities_in_Europe	11	15	-4
Zurich_Airport	wordnet_airport_102692232	27	31	-4
Peloponnese	wikicat_Peninsulas_of_Europe	1	5	-4
Tampa,_Florida	wordnet_administrative_district_108491826	1	5	-4
Carlos_Navarro_Montoya	wikicat_Expatriate_footballers_in_Argentina	1	5	-4
Colchester_(England)	wordnet_site_108651247	3	7	-4
Mounir_El_Hamdaoui	wikicat_Expatriate_footballers_in_England	3	7	-4
Caroline_Seger	wikicat_Western_New_York_Flash_players	25	29	-4
Teri_Hatcher	wikicat_21st-century_actors	13	17	-4
J._Robert_Oppenheimer	wikicat_Nuclear_physicists	23	27	-4
İbrahim_Kaş	wikicat_Turkey_international_footballers	2	6	-4
John_Stuart_Mill	wikicat_Atheist_philosophers	8	12	-4
David_Lynch	wikicat_American_television_actors	3	7	-4
Praemium_Imperiale	wikicat_Architecture_awards	33	37	-4
Jean-Luc_Godard	wikicat_Film_producers	1	5	-4
Mamoru_Oshii	wikicat_People_from_Tokyo	5	9	-4
Kim_Dae-eui	wikicat_South_Korean_expatriate_footballers	3	7	-4
Amlash_County	wikicat_Counties_of_Gilan_Province	8	12	-4
North_Korea	wikicat_Divided_regions	2	6	-4
Santos_FC	wordnet_club_108227214	1	5	-4
Dwight_D._Eisenhower	wikicat_American_people_of_British_descent	2	6	-4
Curly_Howard	wikicat_American_stage_actors	2	6	-4
Fred_Zinnemann	wikicat_American_people_of_Austrian-Jewish_descent	7	11	-4
Franz_Carr	wikicat_Blackburn_Rovers_F.C._players	3	7	-4
Tom_Skerritt	wikicat_American_male_actors	9	13	-4
Laurie_R._King	wikicat_American_women_novelists	5	9	-4
Vijay_(actor)	wikicat_Tamil_people	12	16	-4
Theo_Lucius	wikicat_Dutch_footballers	3	7	-4
Südliches_Anhalt	wikicat_Towns_in_Saxony-Anhalt	2	6	-4
Botswana	wikicat_States_and_territories_established_in_1975	12	16	-4
George_Santayana	wikicat_Alumni_of_the_University_of_Cambridge	3	7	-4
FC_Metalurh_Donetsk	wikicat_Association_football_clubs_established_in_1996	5	9	-4
Tottenham_Hotspur_F.C.	wikicat_Southern_Football_League_clubs	3	7	-4
Sani_Kaita	wikicat_Olympic_footballers_of_Nigeria	6	10	-4
Jari_Litmanen	wikicat_Premier_League_players	8	12	-4
José_Veiga	wikicat_The_Football_League_players	1	5	-4
Apocalypse_Now	wikicat_Miramax_Films_films	2	6	-4
Asrani	wikicat_Indian_comedians	23	27	-4
Joan_Capdevila	wikicat_Atlético_Madrid_footballers	5	9	-4
Pakistan	wikicat_Member_states_of_the_Commonwealth_of_Nations	1	5	-4
Raul_Águas	wikicat_Association_football_forwards	12	16	-4
Marvin_Minsky	wikicat_Jewish_atheists	2	7	-5
Mia_Farrow	wikicat_Stage_actors	11	16	-5
Alphonse_Tchami	wikicat_Expatriate_footballers_in_China	1	6	-5
Matthew_Bellamy	wikicat_English_composers	13	18	-5
Mario_Bolatti	wikicat_Campeonato_Brasileiro_Série_A_footballers	3	8	-5
Albert_Einstein	wikicat_Agnostics	3	8	-5
Jeffrey_Jones	wikicat_American_stage_actors	1	6	-5
Modestas_Stonys	wikicat_Living_people	1	6	-5
Geno_Carlisle	wikicat_Karşıyaka_basketball_players	1	6	-5
Liverpool_F.C.	wikicat_G-14_clubs	34	39	-5
Matt_Taylor_(footballer)	wikicat_Charlton_Athletic_F.C._players	91	96	-5
Henry_Jaglom	wikicat_Film_directors_from_London	10	15	-5
John_Ireland_(actor)	wikicat_Canadian_people	5	10	-5
Starachowice_County	wordnet_administrative_district_108491826	1	6	-5
Christian_Democracy_(Italy)	wikicat_Defunct_political_parties	1	6	-5
Monica_(singer)	wikicat_American_hip_hop_singers	17	22	-5
Lon_Chaney_(Sr.)	wikicat_American_film_directors	8	13	-5
Jean-François_Lyotard	wikicat_Historians_of_philosophy	2	7	-5
Fred_Zinnemann	wikicat_German-language_film_directors	6	11	-5
Charles_Lederer	wikicat_People_from_New_York_City	9	14	-5
Alexandria	wikicat_Ports_and_harbours	4	9	-5
Cardiff	wikicat_Counties_of_Wales	2	7	-5
Rod_Serling	wikicat_Writers_from_New_York	40	45	-5
Mahakali_Zone	wikicat_Subdivisions_of_Nepal	1	6	-5
Milton_Friedman	wikicat_Jewish_agnostics	3	8	-5
Steven_Spielberg	wikicat_Screenwriters	3	8	-5
Cumbria	wikicat_NUTS_2_statistical_regions_of_the_United_Kingdom	2	7	-5
Epirus	wikicat_Provinces_of_Greece	11	16	-5
Mansfield_Town_F.C.	wikicat_Football_clubs_in_Nottinghamshire	29	34	-5
50_Cent	wikicat_American_hip_hop_record_producers	12	17	-5
Lárus_Guðmundsson	wikicat_Expatriate_footballers_in_Germany	3	8	-5
Drama_Desk_Award	wordnet_award_106696483	1	6	-5
Olumuyiwa_Aganun	wikicat_Nigerian_people	2	7	-5
Romy_Schneider	wikicat_French_film_actresses	4	9	-5
Oregon_State_University	wikicat_Educational_institutions_established_in_1868	28	33	-5
Bernie_Lilavois	wikicat_USL_First_Division_players	7	12	-5
United_States_Military_Academy_at_West_Point	wikicat_Military_academies_of_the_United_States	2	7	-5
Socialist_Federal_Republic_of_Yugoslavia	wikicat_Former_countries_in_Europe	1	6	-5
Andrey_Movsisyan	wikicat_FC_Saturn_Ramenskoye_players	22	27	-5
Julia_Kristeva	wikicat_20th-century_philosophers	5	10	-5
John_McCain	wikicat_Living_people	7	12	-5
UE_Lleida	wikicat_Defunct_football_clubs_in_Spain	20	25	-5
Real_Zaragoza	wikicat_Association_football_clubs_established_in_1932	30	35	-5
Aris_Thessaloniki_F.C.	wordnet_club_108227214	5	10	-5
Corfu	wikicat_Mediterranean_port_cities_and_towns_in_Greece	7	12	-5
Paulo_Sérgio_Moreira_Gonçalves	wikicat_Segunda_Divisão_players	8	13	-5
Lisa_De_Vanna	wikicat_Linköpings_FC_players	219	224	-5
Gary_Alexander_(basketball)	wikicat_Cleveland_Cavaliers_players	11	16	-5
Líder_Mármol	wikicat_Club_Sol_de_América_footballers	75	80	-5
Roger_Ebert	wikicat_American_agnostics	6	11	-5
Iran	wikicat_Developing_8_Countries_member_states	6	11	-5
Antonio_Rizzolo	wikicat_Ternana_Calcio_players	85	90	-5
Junior_Agogo	wikicat_Colorado_Rapids_players	33	38	-5
Sanchez_Watt	wikicat_Arsenal_F.C._players	67	72	-5
Panama_City	wikicat_Port_cities	51	56	-5
Macau	wikicat_Port_cities_and_towns_in_China	10	15	-5
Judith_Butler	wikicat_Jewish_writers	25	31	-6
Robbie_Herrera	wikicat_Taunton_Town_F.C._players	13563	13569	-6
Socialist_Party_(Portugal)	wikicat_Political_parties_in_Portugal	12	18	-6
Guimarães	wikicat_World_Heritage_Sites_in_Portugal	2	8	-6
Migen_Memelli	wikicat_Association_football_forwards	5	11	-6
Federal_District_(Brazil)	wordnet_administrative_district_108491826	1	7	-6
Álvaro_del_Moral	wikicat_Association_football_forwards	8	14	-6
Migen_Memelli	wikicat_Albanian_footballers	2	8	-6
Dorinel_Munteanu	wikicat_Expatriate_footballers_in_Germany	2	8	-6
Bob_Hope	wikicat_American_people_of_British_descent	2	8	-6
Tyra_Banks	wikicat_Artists_from_California	1213	1219	-6
Bad_Honnef	wikicat_Populated_places_on_the_Rhine	7	13	-6
Niels_Bohr	wikicat_Danish_people	2	8	-6
War_of_the_Second_Coalition	wikicat_Wars_involving_the_United_States	8	14	-6
Vyacheslav_Sviderskyi	wikicat_FC_Dynamo_Moscow_players	6	12	-6
Shrewsbury_Town_F.C.	wordnet_club_108227214	1	7	-6
Andriy_Kruhlyak	wikicat_FC_Arsenal_Kyiv_players	8	14	-6
Mississippi_River	wordnet_river_109411430	1	7	-6
Joe_(singer)	wikicat_African-American_songwriters	2	8	-6
Nikopol,_Ukraine	wikicat_Cities_in_Dnipropetrovsk_Oblast	11	17	-6
Piacenza_Calcio	wikicat_Association_football_clubs_established_in_1919	24	30	-6
Belarus_national_football_team	wikicat_European_national_association_football_teams	1	7	-6
Flannery_O'Connor	wikicat_American_women_writers	3	9	-6
Lee_Hyung-sang	wikicat_K_League_players	2	8	-6
Carlos_Squeo	wikicat_Club_Atlético_Belgrano_footballers	31	37	-6
Rani_Mukerji	wikicat_Bengali_people	2	8	-6
Danny_Graham_(footballer)	wikicat_Sunderland_A.F.C._players	12	18	-6
Avaí_Futebol_Clube	wordnet_club_108227214	2	8	-6
Toronto	wikicat_Populated_places_on_the_Great_Lakes	1	7	-6
Kostyantyn_Panin	wikicat_FC_Chornomorets_Odessa_players	4	10	-6
Dick_Van_Dyke	wikicat_21st-century_American_singers	15	21	-6
University_of_Notre_Dame	wikicat_Atlantic_Coast_Conference_schools	14330	14336	-6
Ilija_Najdoski	wikicat_Association_football_defenders	10	16	-6
Roger_Glover	wikicat_British_bass_guitarists	26	32	-6
Washoe_County,_Nevada	wordnet_county_108546183	3	9	-6
Oscar_Hammerstein_II	wikicat_Lyricists	65	71	-6
Tony_Curtis	wikicat_Actors_from_California	60	66	-6
Brooke_Shields	wikicat_American_child_actresses	1	7	-6
Johnny_Carson	wikicat_American_writers	6	12	-6
Paulette_Goddard	wikicat_American_film_producers	53	59	-6
Sandro_Calabro	wikicat_Dutch_footballers	3	9	-6
Naples	wikicat_Archaeological_sites_in_Italy	8	14	-6
Lemar	wikicat_British_male_singers	7	13	-6
Steven_Spielberg	wikicat_Jewish_American_male_actors	6	12	-6
Neuilly-sur-Seine	wikicat_Communes_of_Hauts-de-Seine	4	10	-6
Michele_Fini	wikicat_Vicenza_Calcio_players	2	8	-6
Greta_Scacchi	wikicat_Australian_people	15	22	-7
Racing_Club_de_Montevideo	wordnet_club_108227214	1	8	-7
Sergio_Volpi	wikicat_Brescia_Calcio_players	29	36	-7
Roscoe_Arbuckle	wikicat_Vaudeville_performers	3	10	-7
Andriy_Raspopov	wikicat_FC_Granit_Mikashevichi_players	67	74	-7
Emmanuel_Levinas	wikicat_Existentialists	4	11	-7
Second_Boer_War	wikicat_Wars_involving_South_Africa	9	16	-7
Enköping_Municipality	wordnet_administrative_district_108491826	1	8	-7
Paweł_Buśkiewicz	wikicat_Association_football_forwards	13	20	-7
Frank_Sinatra	wikicat_American_voice_actors	2	9	-7
Anjelica_Huston	wikicat_American_people_of_British_descent	6	13	-7
Spennymoor_United_F.C.	wikicat_Defunct_football_clubs_in_England	3	10	-7
Montgomery_Clift	wikicat_LGBT_people	416	423	-7
América_Futebol_Clube_(SP)	wikicat_Football_clubs_in_São_Paulo_(state)	4	11	-7
Valentyn_Slyusar	wikicat_Ukrainian_football_managers	19	26	-7
Nick_Cave	wikicat_Australian_male_singers	8	15	-7
Alain_Juppé	wikicat_Lycée_Louis-le-Grand_alumni	13	20	-7
Maurizio_Gaudino	wikicat_VfL_Bochum_players	2	9	-7
Johnny_Torres	wikicat_New_England_Revolution_players	40	47	-7
Kurt_Vonnegut	wikicat_United_States_Army_soldiers	8	15	-7
Liv_Tyler	wikicat_Actresses_from_New_York_City	10	17	-7
Émile_Durkheim	wikicat_19th-century_philosophers	14	21	-7
Lucille_Ball	wikicat_American_people_of_French_descent	33	40	-7
Vero_Beach,_Florida	wikicat_Beaches_of_Florida	13	20	-7
Orly_Airport	wordnet_airport_102692232	2	9	-7
Cordillera_Administrative_Region	wikicat_Regions_of_the_Philippines	2	9	-7
Pescara	wordnet_administrative_district_108491826	12	19	-7
M._S._Swaminathan	wikicat_Fellows_of_the_Royal_Society	1	8	-7
Kingstonian_F.C.	wikicat_Football_clubs_in_England	2	9	-7
Daniel_Prodan	wikicat_FC_Steaua_București_players	4	11	-7
Daryl_Taylor	wikicat_Hinckley_United_F.C._players	16	23	-7
Edward_Witten	wikicat_Fellows_of_the_American_Mathematical_Society	20	27	-7
Wladimir_Baýramow	wikicat_Expatriate_footballers_in_Kazakhstan	1	8	-7
Amy_Irving	wikicat_Actresses_from_New_York_City	5	12	-7
Langarud_County	wikicat_Counties_of_Iran	1	8	-7
C.A._River_Plate	wordnet_club_108227214	4	11	-7
Barry_Manilow	wikicat_American_film_producers	20	27	-7
University_of_Lisbon	wordnet_university_108286569	1	8	-7
Zarand_County	wordnet_administrative_district_108491826	1	8	-7
Lee_Chapman	wikicat_Swansea_City_A.F.C._players	37	44	-7
Murat_Şahin	wikicat_People_from_Istanbul	8	15	-7
George_MacDonald_Fraser	wikicat_British_journalists	35	42	-7
Mao_Zedong	wikicat_Political_philosophers	16	23	-7
Chris_Coyne	wikicat_Luton_Town_F.C._players	343	350	-7
Fábio_José_dos_Santos	wikicat_J._League_Division_2_players	7	14	-7
India	wikicat_Socialist_states	1	9	-8
Kano	wordnet_administrative_district_108491826	12	20	-8
Alex_Revell	wikicat_Rotherham_United_F.C._players	5	13	-8
Dwight_D._Eisenhower	wikicat_Cold_War_leaders	2	10	-8
Darren_Mansaram	wikicat_York_City_F.C._players	40	48	-8
Kyzylorda_Province	wordnet_administrative_district_108491826	5	13	-8
Wisconsin	wikicat_States_and_territories_established_in_1848	14361	14369	-8
Ninoslav_Milenković	wikicat_Expatriate_footballers_in_Germany	4	12	-8
Carl_Sagan	wikicat_American_activists	1	9	-8
Poole	wikicat_Local_government_districts_of_South_West_England	4	12	-8
Yuen_Biao	wikicat_Chinese_film_directors	10	18	-8
Boaz_Myhill	wikicat_Welsh_footballers	1	9	-8
Acre_(state)	wordnet_administrative_district_108491826	1	9	-8
Maroš_Klimpl	wikicat_MFK_Ružomberok_players	10	18	-8
Rodney_Jerkins	wikicat_American_record_producers	1	9	-8
North_Holland	wikicat_States_and_territories_established_in_1840	1	9	-8
Barry_Manilow	wikicat_American_crooners	176	184	-8
Kim_Christensen_(footballer_born_1980)	wikicat_Brøndby_IF_players	4	12	-8
Arabic_language	wikicat_Languages_of_Gibraltar	2	10	-8
New_York_City	wikicat_Cities_in_New_York	3	11	-8
Przasnysz_County	wikicat_Land_counties_of_Masovian_Voivodeship	8	16	-8
Barry_Manilow	wikicat_People_from_Brooklyn	19	27	-8
Dennis_Rodman	wikicat_Dallas_Mavericks_players	9	17	-8
Marco_Delvecchio	wikicat_Brescia_Calcio_players	8	16	-8
Guangzhou_Baiyun_International_Airport	wordnet_airport_102692232	2	10	-8
Frankfurt	wikicat_University_towns_in_Germany	1	9	-8
Amartya_Sen	wikicat_Fellows_of_the_American_Academy_of_Arts_and_Sciences	9	17	-8
Bristol	wikicat_Local_government_districts_of_South_West_England	21	29	-8
Frédéric_Nimani	wikicat_France_under-21_international_footballers	19	27	-8
Moncef_Ouichaoui	wikicat_CA_Bordj_Bou_Arreridj_players	27	35	-8
Harlow	wikicat_Local_government_districts_of_the_East_of_England	16	24	-8
Bret_McKenzie	wikicat_Living_people	11	19	-8
Prekmurje	wikicat_Regions_of_Slovenia	2	10	-8
Mohali_district	wikicat_Districts_of_Punjab,_India	12329	12337	-8
Moss_Airport,_Rygge	wikicat_Airports_in_Norway	6	14	-8
Liza_Minnelli	wikicat_American_people_of_Italian_descent	4	12	-8
Kung_Fu_Panda	wikicat_2000s_comedy_films	42	50	-8
Milan_Kundera	wikicat_Writers_who_illustrated_their_own_writing	2	10	-8
Awvee_Storey	wikicat_Undrafted_National_Basketball_Association_players	16	24	-8
Marcos_Paulo_Alves	wikicat_Yokohama_F.C._players	1	9	-8
Esfarayen_County	wordnet_administrative_district_108491826	1	9	-8
Rutgers_University	wikicat_Universities_and_colleges_in_New_Jersey	2	10	-8
Lower_Austria	wikicat_Historical_regions_in_Austria	55	64	-9
Reto_Ziegler	wikicat_Switzerland_international_footballers	11	20	-9
Michael_Duberry	wikicat_Association_football_defenders	33	42	-9
Buckethead	wikicat_Progressive_metal_guitarists	20	29	-9
Carlton_Fairweather	wikicat_Connecticut_Wolves_players	1	10	-9
Namco	wikicat_Video_game_companies_of_Japan	11	20	-9
George_Carlin	wikicat_Comedians_from_New_York	3	12	-9
Inglourious_Basterds	wikicat_German_drama_films	12	21	-9
Apocalypse_Now	wikicat_Paramount_Pictures_films	60	69	-9
Lee_Mills	wikicat_Wolverhampton_Wanderers_F.C._players	3	12	-9
Carlton_Fairweather	wikicat_Expatriate_footballers_in_Hong_Kong	1	10	-9
Eritrean_War_of_Independence	wikicat_Wars_involving_Cuba	6	15	-9
Polonia_Warsaw	wikicat_Multi-sport_clubs	1	10	-9
O._P._Nayyar	wordnet_person_100007846	27	36	-9
Atila_Turan	wikicat_Turkish_expatriate_footballers	28	37	-9
Nick_McKoy	wikicat_Grays_Athletic_F.C._players	18	27	-9
Alan_Dodd_(English_footballer)	wikicat_Landskrona_BoIS_players	36	45	-9
Atari	wikicat_Video_game_development_companies	2	11	-9
Ivan_Dragičević	wikicat_FK_Mogren_players	12	21	-9
Wolverhampton	wikicat_Metropolitan_boroughs	4	13	-9
Riga_Mustapha	wikicat_Dutch_footballers	6	15	-9
Rivaldo_Barbosa_de_Souza	wikicat_Sport_Club_do_Recife_players	18	27	-9
Maurice_Ross	wikicat_Motherwell_F.C._players	61	70	-9
Jean-Paul_Sartre	wikicat_French_novelists	12	21	-9
Narbonne	wikicat_Roman_towns_and_cities_in_France	11	20	-9
Óscar_Díaz_González	wikicat_Celta_de_Vigo_footballers	2	11	-9
Meryl_Streep	wikicat_American_atheists	41	50	-9
C.S._Marítimo	wikicat_Association_football_clubs_established_in_1910	19	28	-9
Ravi_Shankar	wikicat_Indian_composers	8	17	-9
Brasília	wordnet_site_108651247	20	29	-9
George_Best	wikicat_Expatriate_footballers_in_Hong_Kong	3	12	-9
Handball_Club_Leipzig	wikicat_Sports_clubs_established_in_1893	261	270	-9
Quentin_Tarantino	wikicat_American_people_of_Italian_descent	1	10	-9
Deutschlandsberg_District	wikicat_Districts_of_Styria	5	14	-9
American_Revolutionary_War	wikicat_Wars_of_independence	56	65	-9
Jacques_Chirac	wikicat_Officers_of_the_National_Order_of_Quebec	17	26	-9
Kelvin_Jack	wikicat_Association_football_goalkeepers	5	14	-9
Carlos_Gamarra	wikicat_S.L._Benfica_footballers	5	14	-9
Miloš_Dimitrijević	wikicat_Grenoble_Foot_38_players	87	96	-9
Egypt	wikicat_Developing_8_Countries_member_states	18	27	-9
Zlatan_Ibrahimović	wikicat_Malmö_FF_players	8	17	-9
Krunoslav_Lovrek	wikicat_Croatian_expatriate_footballers	1	10	-9
Halmahera	wikicat_Islands_of_Indonesia	12	21	-9
Skopje	wordnet_administrative_district_108491826	19	29	-10
Lisbon_Portela_Airport	wikicat_Airports_in_Portugal	6	16	-10
Max_Kruse	wikicat_SV_Werder_Bremen_players	1	11	-10
Steven_Tyler	wikicat_American_people_of_Ukrainian_descent	1	11	-10
Ersin_Mehmedović	wikicat_FC_Unirea_Urziceni_players	182	192	-10
Wallace_Shawn	wikicat_Jewish_actors	1	11	-10
Northampton_Town_F.C.	wikicat_Football_League_clubs	2	12	-10
Sissy_Spacek	wikicat_American_people_of_Czech_descent	997	1007	-10
Syracuse,_New_York	wikicat_Populated_places_on_the_Underground_Railroad	36	46	-10
Cambridge_United_F.C.	wikicat_Football_League_clubs	3	13	-10
Oliver_Ryan	wikicat_Northwich_Victoria_F.C._players	5	15	-10
Athens	wikicat_Biblical_places	22	32	-10
Cary,_North_Carolina	wordnet_administrative_district_108491826	4	14	-10
Dominique_de_Villepin	wikicat_Panthéon-Assas_University_alumni	7	17	-10
Jason_Minett	wikicat_Doncaster_Rovers_F.C._players	11	21	-10
Dennis_Lehane	wikicat_American_crime_fiction_writers	5	15	-10
Ger_Rowe	wikicat_Shelbourne_F.C._players	8	18	-10
Walter_Benjamin	wikicat_Jewish_philosophers	8	18	-10
Sergio_Volpi	wikicat_Reggina_Calcio_players	5	15	-10
Berkshire	wikicat_Ceremonial_counties	8	18	-10
Stephen_Bywater	wikicat_Association_football_goalkeepers	13	23	-10
Cédric_Roussel	wikicat_Wolverhampton_Wanderers_F.C._players	29	39	-10
Maidstone	wordnet_site_108651247	1	11	-10
Antonio_Rizzolo	wikicat_Association_football_forwards	9	19	-10
Winston_Churchill	wikicat_British_journalists	10	20	-10
Harry_B._Gray	wikicat_American_chemists	1	11	-10
Charles_Scott_Sherrington	wikicat_Fellows_of_Magdalen_College,_Oxford	24	34	-10
Oleksiy_Horodov	wikicat_FC_CSKA_Kyiv_players	3	13	-10
Changsha_Huanghua_International_Airport	wordnet_airport_102692232	3	13	-10
Steven_Tyler	wikicat_American_heavy_metal_singers	21	31	-10
Herby_Fortunat	wikicat_France_youth_international_footballers	8	19	-11
Frances_Goodrich	wikicat_American_dramatists_and_playwrights	3	14	-11
Concord_Rangers_F.C.	wikicat_Football_clubs_in_England	1	12	-11
Djamel_Abdoun	wikicat_The_Football_League_players	3	14	-11
Bedfordshire	wordnet_county_108546183	2	13	-11
Johann_Gottlieb_Fichte	wikicat_Idealists	14	25	-11
San_Diego_State_University	wikicat_Schools_accredited_by_the_Western_Association_of_Schools_and_Colleges	12	23	-11
Jeremiah_Denton	wikicat_Prisoners_of_war	1	12	-11
Dele_Adeleye	wikicat_Olympic_medalists_in_football	1	12	-11
Don_DeLillo	wikicat_Guggenheim_Fellows	7	18	-11
Georges_Bataille	wikicat_Continental_philosophers	3	14	-11
Steven_Caldwell	wikicat_Birmingham_City_F.C._players	5	16	-11
Evgeny_Yarovenko	wikicat_Ukrainian_football_managers	17	28	-11
Sérgio_Araújo	wikicat_Clube_de_Regatas_do_Flamengo_players	10	21	-11
Bernardo_Tengarrinha	wikicat_Vitória_F.C._players	15	26	-11
Stockholm	wordnet_administrative_district_108491826	1	12	-11
Peter_Debye	wikicat_People_from_Ithaca,_New_York	20	31	-11
Lower_Normandy	wordnet_administrative_district_108491826	1	12	-11
Nicola_Amoruso	wikicat_Italy_under-21_international_footballers	13	24	-11
Gerry_Francis	wikicat_Crystal_Palace_F.C._players	12	23	-11
FK_Vojvodina	wikicat_Association_football_clubs_established_in_1914	94	105	-11
Warren,_Michigan	wordnet_administrative_district_108491826	3	14	-11
Kadrina_Parish	wordnet_administrative_district_108491826	1	12	-11
Borough_of_Fylde	wordnet_administrative_district_108491826	2	13	-11
Charleston_(South_Carolina)	wikicat_Cities_in_the_United_States	4	15	-11
Nine_Years'_War	wikicat_Global_conflicts	11	22	-11
Pula_Airport	wikicat_Airports_in_Croatia	9	20	-11
Ludwig_von_Bertalanffy	wikicat_Fellows_of_the_German_Academy_of_Sciences_Leopoldina	5	16	-11
Mike_Ambersley	wikicat_USL_Premier_Development_League_players	20	31	-11
Goole_A.F.C.	wordnet_club_108227214	15	26	-11
Pierre_Pflimlin	wikicat_French_Ministers_of_Agriculture	17	28	-11
Allen_Ginsberg	wikicat_Jewish_anarchists	6	17	-11
Ferrara	wikicat_World_Heritage_Sites_in_Europe	3	14	-11
Alexandre_Gallo	wikicat_São_Paulo_FC_players	41	52	-11
The_Lion_King	wikicat_Films_about_apes	29	40	-11
Upton_Sinclair	wikicat_People_from_Englewood,_New_Jersey	1	12	-11
Simon_Grand	wikicat_Association_football_defenders	24	35	-11
Werder_Bremen	wikicat_Multi-sport_clubs_in_Germany	1	12	-11
Vladimir_Vasilj	wikicat_NK_Široki_Brijeg_players	8	19	-11
Saša_Ćurčić	wikicat_Yugoslavia_international_footballers	22	33	-11
Paul_Baker	wikicat_Hartlepool_United_F.C._players	62	74	-12
Mark_Williams_(Northern_Ireland_footballer)	wikicat_Stoke_City_F.C._players	56	68	-12
Devon	wordnet_county_108546183	12	24	-12
Frosinone_Calcio	wikicat_Association_football_clubs_established_in_1928	80	92	-12
George_Parris	wikicat_Bristol_City_F.C._players	52	64	-12
Tokat	wikicat_Provinces_of_Turkey	26	38	-12
John_Farnham	wikicat_Australian_male_singers	17	29	-12
Carlos_Alberto_de_Jesus	wikicat_Campeonato_Brasileiro_Série_B_footballers	48	60	-12
Adolf_Hitler	wikicat_World_War_II_political_leaders	37	49	-12
Rossendale_United_F.C.	wordnet_club_108227214	3	15	-12
Stephen_Hawking	wikicat_Commanders_of_the_Order_of_the_British_Empire	38	50	-12
Eltinho	wikicat_Campeonato_Brasileiro_Série_A_footballers	7	19	-12
Mary_Astor	wikicat_Paramount_Pictures_contract_players	12	24	-12
Pascal_Zuberbühler	wikicat_UEFA_Euro_2004_players	5	17	-12
Paulo_Sérgio_Moreira_Gonçalves	wikicat_Estrela_da_Amadora_players	8	20	-12
Connecticut_Wolves	wikicat_USISL_teams	3	15	-12
Agnaldo_Cordeiro_Pereira	wikicat_Brazilian_expatriates_in_South_Korea	3	15	-12
Anambra_State	wikicat_States_and_territories_established_in_1991	35	47	-12
Greg_Strong	wikicat_Livingston_F.C._players	53	65	-12
Rincón_(footballer_born_1987)	wikicat_Sporting_Clube_de_Portugal_footballers	5	17	-12
Dan_Castellaneta	wikicat_American_people_of_Italian_descent	22	34	-12
Carl_Sagan	wikicat_Jewish_agnostics	3	15	-12
Chennai	wordnet_administrative_district_108491826	1	13	-12
New_Delhi	wikicat_Capitals	91	103	-12
Roger_Milla	wikicat_Valenciennes_FC_players	1	13	-12
Bujumbura	wikicat_Cities_in_the_Great_Rift_Valley	2	14	-12
Four_Rooms	wordnet_album_106591815	4	16	-12
Montgomery_Clift	wikicat_American_people_of_Scottish_descent	38	50	-12
Segundo_Castillo	wikicat_Ecuadorian_people_of_African_descent	16	28	-12
Leon_Trotsky	wikicat_People_of_the_1905_Russian_Revolution	15834	15847	-13
Brampton	wikicat_Populated_places_in_Ontario	41	54	-13
Joel_Soto	wikicat_San_Luis_de_Quillota_footballers	51	64	-13
FC_St._Pauli	wikicat_Women's_association_football_clubs	57	70	-13
Steven_Pelé	wikicat_CFM_U_Cluj_players	205	218	-13
Uladzimir_Karytska	wikicat_Expatriate_footballers_in_Slovakia	2	15	-13
Liam_Burns	wikicat_Football_Conference_players	3	16	-13
Miloš_Dimitrijević	wikicat_FC_Nantes_players	48	61	-13
Macclesfield_Town_F.C.	wikicat_Former_Football_League_clubs	4	17	-13
Peter_Hynes	wikicat_Shelbourne_F.C._players	7	20	-13
Lionel_Carole	wikicat_CS_Sedan_Ardennes_players	21	34	-13
Jamie_Moralee	wikicat_Newport_County_A.F.C._players	4	17	-13
Jean-Paul_Sartre	wikicat_Contemporary_philosophers	9	22	-13
Roger_Glover	wikicat_Rock_bass_guitarists	55	68	-13
André_3000	wikicat_African-American_actors	5	18	-13
Doris_Lessing	wikicat_English_dramatists_and_playwrights	6	19	-13
Colin_Firth	wikicat_People_from_Hampshire	7	20	-13
Robin_Cook_(American_novelist)	wikicat_Harvard_University_alumni	87	100	-13
Monterrey	wordnet_administrative_district_108491826	3	16	-13
Clube_Náutico_Capibaribe	wikicat_Football_clubs_in_Brazil	9	22	-13
Bridgend	wikicat_Post_towns_in_the_CF_postcode_area	6	20	-14
Walter_Benjamin	wikicat_Political_philosophers	7	21	-14
Clint_Eastwood	wikicat_American_male_actors	1	15	-14
Sérgio_Araújo	wikicat_Avaí_Futebol_Clube_players	56	70	-14
Nizhny_Novgorod	wikicat_Populated_places_on_the_Volga	5	19	-14
Reto_Ziegler	wikicat_Expatriate_footballers_in_Russia	2	16	-14
Senthil_(actor)	wikicat_Actors_in_Tamil_cinema	10	24	-14
Alexandria_(Virginia)	wikicat_Cities_in_the_United_States	8	22	-14
Lille_OSC	wordnet_club_108227214	3	17	-14
Mao_Zedong	wikicat_Revolutionaries	2	16	-14
Florida_A&M_University	wikicat_Universities_and_colleges_in_Leon_County,_Florida	17	31	-14
Nick_Cave	wikicat_English-language_singers	14	28	-14
Jean-Luc_Godard	wikicat_Writers_from_Paris	35	49	-14
Rachel_Weisz	wikicat_Jewish_actors	8	22	-14
Insurgency_in_Northeast_India	wikicat_Conflicts_in_2013	12	26	-14
Juan_José_Borrelli	wikicat_Argentina_international_footballers	1	15	-14
David_Sedaris	wikicat_American_comedians	4	18	-14
Kurniawan_Dwi_Yulianto	wikicat_2000_AFC_Asian_Cup_players	12	26	-14
Stephenie_Meyer	wikicat_American_children's_writers	268	282	-14
Javier_Moro_León	wikicat_Lorca_Deportiva_footballers	11	25	-14
Søren_Larsen	wikicat_Brøndby_IF_players	51	65	-14
Derek_Yee	wikicat_Hong_Kong_people_of_Manchu_descent	15	29	-14
Brendan_Fraser	wikicat_Canadian_voice_actors	8	22	-14
Roque_Santa_Cruz	wikicat_Club_Olimpia_footballers	6	20	-14
Wolfgang_Frank	wikicat_Rot-Weiss_Essen_managers	11	25	-14
Dennis_Rodman	wikicat_Small_forwards	83	98	-15
Michèle_Alliot-Marie	wikicat_Panthéon-Assas_University_alumni	129	144	-15
George_Abbott	wikicat_Pulitzer_Prize_winners	20	35	-15
Świebodzin_County	wordnet_administrative_district_108491826	1	16	-15
Monica_(singer)	wikicat_African-American_record_producers	7	22	-15
Aleksandar_Jevtić	wikicat_Association_football_forwards	3	18	-15
John_McAliskey	wikicat_Association_football_forwards	6	21	-15
Siyabonga_Nomvethe	wikicat_2010_FIFA_World_Cup_players	3	18	-15
Mort_Shuman	wikicat_Jewish_American_musicians	42	57	-15
Fabio_Nigro	wikicat_Serie_B_footballers	4	19	-15
Pasteur_Institute	wikicat_Research_institutes_in_France	13	28	-15
City_of_Carlisle	wikicat_Cities_in_North_West_England	82	97	-15
Charlie_McGillivray	wikicat_Motherwell_F.C._players	45	60	-15
San_Luis_F.C.	wikicat_Defunct_football_clubs_in_Mexico	4	19	-15
Ian_McLagan	wikicat_English_rock_keyboardists	23	38	-15
Laos	wikicat_Landlocked_countries	5	20	-15
Tottenham_Hotspur_F.C.	wikicat_Publicly_traded_sports_companies	1	17	-16
Iain_Fyfe	wikicat_K_League_players	2	18	-16
Georg_Wilhelm_Friedrich_Hegel	wikicat_Philosophers_of_education	442	458	-16
Democratic_Action_Party	wikicat_Political_parties	64	80	-16
Bury_F.C.	wordnet_club_108227214	2	18	-16
Alexander_Herzen	wikicat_People_from_Moscow_Governorate	19	35	-16
Rosemary_Clooney	wikicat_Concord_Records_artists	28	44	-16
Hetman_Zamość	wordnet_club_108227214	1	17	-16
Julian_Schwinger	wikicat_Jewish_American_scientists	19	35	-16
Dennis_William_Sciama	wikicat_People_from_Manchester	39	55	-16
Jonathan_Gould	wikicat_Bradford_City_A.F.C._players	56	72	-16
Anderson_County,_Tennessee	wikicat_Counties_of_Appalachia	1	17	-16
J._R._Bremer	wikicat_Undrafted_National_Basketball_Association_players	5	21	-16
Yuri_Morales	wikicat_USL_First_Division_players	6	22	-16
Bath_City_F.C.	wikicat_Southern_Football_League_clubs	6	22	-16
Donald_Crisp	wikicat_English_emigrants_to_the_United_States	25	41	-16
Daniel_Pendín	wikicat_Expatriate_footballers_in_Spain	2	18	-16
Roque_Santa_Cruz	wikicat_Expatriate_footballers_in_Germany	10	26	-16
Netherlands_national_football_team	wikicat_National_sports_teams_of_the_Netherlands	25	42	-17
Luton_Town_F.C.	wikicat_Football_clubs_in_England	4	21	-17
California_State_University,_Long_Beach	wordnet_university_108286569	1	18	-17
Alameda_County,_California	wikicat_Counties_in_the_San_Francisco_Bay_Area	4	21	-17
Jimmy_Ghaichem	wikicat_Mansfield_Town_F.C._players	6	23	-17
Praemium_Imperiale	wikicat_Arts_awards	6	23	-17
Zell_am_See	wikicat_Cities_and_towns_in_Salzburg_(state)	88	105	-17
Ilan_Bakhar	wikicat_People_from_Tel_Aviv_District	26	43	-17
Mark_Peat	wikicat_Montrose_F.C._players	27	44	-17
Raymond_Poincaré	wikicat_Knights_of_the_Golden_Fleece	2	19	-17
Giulio_Andreotti	wikicat_Senators_of_the_Republic_of_Italy	2	19	-17
Patsy_Cline	wikicat_Country_singers	3	20	-17
Dundee_United_F.C.	wikicat_United_Soccer_Association_imported_teams	7	24	-17
Ville_Väisänen	wikicat_FC_Jazz_Pori_players	9	26	-17
Friedrich_Hayek	wikicat_20th-century_philosophers	9	26	-17
Sudan	wikicat_States_and_territories_established_in_1956	6	23	-17
Bavaria	wordnet_administrative_district_108491826	3	20	-17
Alan_Dodd_(English_footballer)	wikicat_Rocester_F.C._players	5	22	-17
José_Veiga	wikicat_Estrela_da_Amadora_players	14	31	-17
Zürich	wikicat_Cantonal_capitals_of_Switzerland	7	24	-17
Danny_Califf	wikicat_LA_Galaxy_players	11	28	-17
Stephan_Kling	wikicat_FC_Bayern_Munich_II_players	5	22	-17
Bjelovar	wikicat_Cities_and_towns_in_Croatia	1	19	-18
Carlos_Pavón	wikicat_Expatriate_footballers_in_Guatemala	210	228	-18
Éric_Besson	wikicat_Socialist_Party_(France)_politicians	19	37	-18
Bruno_Pereirinha	wikicat_S.S._Lazio_players	10	28	-18
FC_Slovan_Liberec	wikicat_Association_football_clubs_established_in_1921	39	57	-18
Herby_Fortunat	wikicat_Association_football_forwards	6	24	-18
J._R._Bremer	wikicat_CB_Málaga_players	125	143	-18
Adam_Rooney	wikicat_Yeovil_Town_F.C._players	71	89	-18
Murray_Gell-Mann	wikicat_Particle_physicists	40	58	-18
Klaus_Toppmöller	wikicat_Eintracht_Frankfurt_managers	11	29	-18
Dean_Gordon	wikicat_Grimsby_Town_F.C._players	14	32	-18
Silver_Star	wikicat_Courage_awards	3	21	-18
Empoli_F.C.	wikicat_Association_football_clubs_established_in_1920	37	55	-18
Hawaii	wikicat_Western_United_States	13	31	-18
Alessio_Cerci	wikicat_2014_FIFA_World_Cup_players	44	62	-18
Wellington_Gonçalves_Amorim	wikicat_América_Futebol_Clube_(MG)_players	8	26	-18
Michel_de_Montaigne	wikicat_Roman_Catholic_writers	15	33	-18
Matt_Carmichael_(footballer)	wikicat_Barnet_F.C._players	2	20	-18
Sayaji_Shinde	wikicat_Actors_in_Hindi_cinema	3	21	-18
Felix_Ogbuke	wikicat_Expatriate_footballers_in_Norway	17	35	-18
Pepe_Reina	wikicat_Madrilenian_footballers	3	22	-19
George_Berkeley	wikicat_English_philosophers	35	54	-19
Louis_Pasteur	wikicat_French_Nobel_laureates	7	26	-19
Sheffield	wikicat_Post_towns_in_the_S_postcode_area	15	34	-19
Yakir_Aharonov	wikicat_Jewish_scientists	20	39	-19
Kent_O'Connor	wikicat_Association_football_defenders	90	109	-19
Friedrich_Hayek	wikicat_British_economists	6	25	-19
Robert_B._Parker	wikicat_Thriller_writers	31	50	-19
Michel_Rocard	wikicat_Lycée_Louis-le-Grand_alumni	2	21	-19
RKS_Radomsko	wordnet_club_108227214	1	20	-19
Cardiff_City_F.C.	wikicat_Former_Football_League_clubs	10	29	-19
Caleb_Patterson-Sewell	wikicat_Liverpool_F.C._players	1	20	-19
Alex_Notman	wikicat_Scotland_under-21_international_footballers	18	37	-19
Eduardo_Costa	wikicat_People_from_Rio_Grande_do_Sul	6	25	-19
Jane_Wyman	wikicat_American_soap_opera_actresses	53	72	-19
University_of_Marburg	wordnet_university_108286569	9	29	-20
Gheorghe_Hagi	wikicat_FC_Barcelona_footballers	6	26	-20
Gregory_Peck	wikicat_20th_Century_Fox_contract_players	22	42	-20
John_McCain	wikicat_Republican_Party_(United_States)_politicians	10	30	-20
Xavier_Gravelaine	wikicat_Paris_Saint-Germain_F.C._players	20	40	-20
Sandra_Bullock	wikicat_American_film_producers	4	24	-20
Dimitrija_Lazarevski	wikicat_Association_football_defenders	7	27	-20
Cannes	wikicat_Communes_of_Alpes-Maritimes	32	52	-20
Rani_Mukerji	wikicat_Women	13	33	-20
Santa_Monica	wordnet_administrative_district_108491826	2	22	-20
Ismael_Santiago_López	wikicat_Xerez_CD_players	23	43	-20
Jean_Harlow	wikicat_Actresses_from_Los_Angeles,_California	49	69	-20
Johann_Gottlieb_Fichte	wikicat_Political_philosophers	7	27	-20
Centre_region,_France	wordnet_administrative_district_108491826	1	21	-20
John_von_Neumann	wikicat_Hungarian_emigrants_to_the_United_States	17	37	-20
Taranto	wikicat_Port_cities_and_towns_in_Italy	27	47	-20
Esporte_Clube_XV_de_Novembro_(Piracicaba)	wikicat_Football_clubs_in_Brazil	2	22	-20
Zlatan_Ibrahimović	wikicat_A.C._Milan_players	293	313	-20
Stefano_Borgonovo	wikicat_Brescia_Calcio_players	9	29	-20
Jerusalem	wikicat_Amarna_letters_locations	158	178	-20
Alicia_Silverstone	wikicat_American_people_of_British-Jewish_descent	46	67	-21
Talia_Shire	wikicat_People_from_Long_Island	51	72	-21
Fernando_Meira	wikicat_Portuguese_people	75	96	-21
David_Martin_(footballer_born_1986)	wikicat_England_youth_international_footballers	65	86	-21
Richard_O'Donnell	wikicat_Stockport_County_F.C._players	62	83	-21
Andrew_V._McLaglen	wikicat_Western_(genre)_film_directors	12	33	-21
Clube_Recreativo_e_Atlético_Catalano	wordnet_club_108227214	14	35	-21
Lemar	wikicat_Soul_musicians	38	59	-21
Lionel_Messi	wikicat_Argentina_youth_international_footballers	6	28	-22
John_F._Kennedy	wikicat_20th-century_American_writers	3	25	-22
Leeds	wikicat_Metropolitan_boroughs	7	29	-22
Anne_Arundel_County,_Maryland	wikicat_Maryland_counties	39	61	-22
Eric_Idle	wikicat_British_singers	16	38	-22
Maximilian_Heidenreich	wikicat_SC_Freiburg_players	25	47	-22
Stockport_County_F.C.	wordnet_club_108227214	1	23	-22
Mitt_Romney	wikicat_German_emigrants_to_the_United_States	27	49	-22
Carlos_Salazar_(Colombian_footballer)	wikicat_CSD_Colo-Colo_players	42	64	-22
Roy_Hodgson	wikicat_Serie_A_managers	2	24	-22
Charles_de_Gaulle	wikicat_Attempted_assassination_survivors	9	31	-22
FK_Radnički_Niš	wikicat_Football_clubs_in_Serbia	16	38	-22
Stephen_Fry	wikicat_British_comedians	14	36	-22
Bechara_Oliveira	wikicat_Fortaleza_Esporte_Clube_players	43	65	-22
Cambridge	wikicat_Non-metropolitan_districts	2	24	-22
George_R._R._Martin	wikicat_American_television_producers	3	25	-22
Kalusha_Bwalya	wikicat_Correcaminos_UAT_footballers	50	72	-22
Boca_Unidos	wikicat_Basketball_teams_in_Argentina	5	27	-22
Mauro_Bressan	wikicat_A.C._Milan_players	19	41	-22
George_Best	wikicat_North_American_Soccer_League_(1968–84)_players	8	30	-22
Wallace_Shawn	wikicat_Jewish_comedians	29	52	-23
Germany	wikicat_States_and_territories_established_in_1871	211	234	-23
Hervé_Gaymard	wikicat_French_Ministers_of_Agriculture	41	64	-23
Millwall_F.C.	wikicat_Association_football_clubs_established_in_1885	25	48	-23
Darío_Flores	wikicat_CD_Palestino_players	62	85	-23
Dewsbury	wikicat_Cities_in_England	1	24	-23
Daniel_Dennett	wikicat_Phillips_Exeter_Academy_alumni	16065	16088	-23
Gary_Moore	wikicat_Irish_musicians	1	24	-23
Fellipe_Bastos	wikicat_Campeonato_Brasileiro_Série_B_footballers	50	73	-23
Horace_Williams	wikicat_Dundee_United_F.C._players	46	69	-23
Pedro_León	wikicat_Real_Valladolid_footballers	8	31	-23
Leudal	wikicat_Cities_in_the_Netherlands	13	36	-23
Tameside	wikicat_Cities_in_North_West_England	5	28	-23
Sky_Blue_FC	wikicat_New_Jersey_soccer_clubs	43	66	-23
Leon_Best	wikicat_Association_football_forwards	2	25	-23
Oran	wikicat_Port_cities	20	43	-23
Giuseppe_Verdi	wordnet_artist_109812338	24	47	-23
C._S._Lewis	wikicat_British_philosophers	6	29	-23
Steve_Torpey_(footballer,_born_1981)	wikicat_Fleetwood_Town_F.C._players	35	59	-24
Eugene_Wigner	wikicat_Jewish_physicists	2	26	-24
Australia	wikicat_Federal_countries	6	30	-24
Daisuke_Matsui	wikicat_Ligue_2_players	21	45	-24
Cambridge	wikicat_Districts_of_England	4	28	-24
Henry_Adams	wikicat_People_from_Boston,_Massachusetts	14	38	-24
Johann_Gottlieb_Fichte	wikicat_Christian_philosophers	5	29	-24
Bradley_Thomas_(footballer)	wikicat_King's_Lynn_F.C._players	7	31	-24
Leon_Best	wikicat_A.F.C._Bournemouth_players	39	64	-25
Fort_Walton_Beach,_Florida	wordnet_administrative_district_108491826	8	33	-25
Sarasota,_Florida	wordnet_administrative_district_108491826	3	28	-25
Vyškov	wordnet_administrative_district_108491826	13	38	-25
Cameron_Mitchell_(actor)	wikicat_American_people_of_Scottish_descent	31	56	-25
Mounir_El_Hamdaoui	wikicat_AFC_Ajax_players	53	78	-25
Prague_Václav_Havel_Airport	wikicat_Airfields_of_the_United_States_Army_Air_Forces_Air_Transport_Command_in_the_European_Theater	2	27	-25
Boz_Scaggs	wikicat_Blues_rock_musicians	1	26	-25
Don_Winslow	wikicat_People_from_New_York_City	17	42	-25
Santiago_Salcedo	wikicat_Paraguay_international_footballers	5	30	-25
John_Kerry	wikicat_American_lawyers	18	43	-25
IEEE_Edison_Medal	wikicat_Academic_awards	15	40	-25
Pascal_Zuberbühler	wikicat_Association_football_goalkeepers	36	62	-26
Milton_Friedman	wikicat_People_from_Brooklyn	16	42	-26
Belfast	wikicat_County_towns_in_the_Republic_of_Ireland	13	39	-26
Eysturoy	wordnet_island_109316454	9	35	-26
Second_Boer_War	wikicat_Wars_involving_the_states_and_peoples_of_Africa	4	30	-26
M._T._Vasudevan_Nair	wikicat_Indian_writers	27	53	-26
Martin_Woods	wikicat_Sunderland_A.F.C._players	11	37	-26
Stevenage_F.C.	wikicat_Football_clubs_in_England	6	32	-26
Jacques_Chirac	wikicat_French_Ministers_of_Agriculture	39	65	-26
Massimo_Marazzina	wikicat_Italy_international_footballers	8	34	-26
David_Bohm	wikicat_Jewish_agnostics	3	29	-26
Pedro_Benítez	wikicat_Olympic_footballers_of_Paraguay	9	36	-27
Benjamin_Fondane	wikicat_Romanian_short_story_writers	73	100	-27
Amartya_Sen	wikicat_Living_people	5	32	-27
Danny_Califf	wikicat_Footballers_at_the_2000_Summer_Olympics	70	97	-27
Arbroath	wikicat_Post_towns_in_the_DD_postcode_area	37	64	-27
Oxford	wikicat_Cities_in_South_East_England	7	34	-27
Barack_Obama	wikicat_American_people_of_Swiss_descent	716	743	-27
William_Faulkner	wikicat_Writers_from_Mississippi	9	36	-27
Viborg_FF	wordnet_club_108227214	13	40	-27
David_Seaman	wikicat_English_people	10	37	-27
Alexander_Graham_Bell	wikicat_American_people_of_Scottish_descent	117	144	-27
Sebastian_Helbig	wikicat_Germany_youth_international_footballers	6	33	-27
Joyce_Carol_Oates	wikicat_American_poets	60	88	-28
John_Huston	wikicat_American_people_of_Welsh_descent	19	47	-28
Blace	wikicat_Municipalities_and_cities_of_Southern_and_Eastern_Serbia	1	29	-28
Stuart_Nicholson	wikicat_Association_football_forwards	9	37	-28
Worthing	wikicat_Post_towns_in_the_BN_postcode_area	10	38	-28
Émerson_Leão	wikicat_São_José_Esporte_Clube_players	28	56	-28
Peterborough	wikicat_Cities_in_the_East_of_England	8	36	-28
Henry_Adams	wikicat_American_people_of_British_descent	33	61	-28
Marijo_Marić	wikicat_VfB_Stuttgart_II_players	54	83	-29
Guilherme_de_Cássio_Alves	wikicat_People_from_Marília	164	193	-29
Josiesley_Ferreira_Rosa	wikicat_SC_Farense_players	40	69	-29
Jerry_Pournelle	wikicat_American_bloggers	119	148	-29
Julio_César_Cáceres	wikicat_Association_football_central_defenders	6	35	-29
Martin_Rees,_Baron_Rees_of_Ludlow	wikicat_British_scientists	55	84	-29
George_Santayana	wikicat_American_novelists	5	34	-29
Richmondshire	wordnet_administrative_district_108491826	19	48	-29
Colorado_Rapids	wikicat_Association_football_clubs_established_in_1996	8	37	-29
Birmingham	wordnet_administrative_district_108491826	1	31	-30
Michael_Lamey	wikicat_PSV_Eindhoven_players	13	43	-30
Joe_Bradshaw_(footballer)	wikicat_Bristol_City_F.C._managers	208	238	-30
UB_Conquense	wikicat_Football_clubs_in_Spain	380	410	-30
Matthew_Collins	wikicat_Swindon_Town_F.C._players	35	65	-30
Steven_Spielberg	wikicat_Directors	33	63	-30
Charlie_Ide	wikicat_Grays_Athletic_F.C._players	27	57	-30
José_Javier_Barkero	wikicat_CD_Numancia_players	73	103	-30
Dário_Monteiro	wikicat_Expatriate_footballers_in_the_United_Arab_Emirates	45	75	-30
Richard_Dawkins	wikicat_British_secularists	488	518	-30
Allan_Nielsen	wikicat_Danish_football_managers	8	39	-31
Tom_Brighton	wikicat_Rangers_F.C._players	7	38	-31
Stéphane_Zubar	wikicat_Association_football_defenders	8	39	-31
Spanish_language	wikicat_Languages_of_Equatorial_Guinea	34	65	-31
Bahawalpur_District	wordnet_administrative_district_108491826	2	33	-31
Dune_(film)	wikicat_Space_adventure_films	21	52	-31
Debbie_Reynolds	wikicat_Actresses_from_Texas	516	547	-31
Cândido_Costa	wikicat_C.F._Os_Belenenses_players	31	62	-31
Queens	wikicat_Boroughs_of_New_York_City	26	57	-31
Inter_Milan	wikicat_Unrelegated_association_football_clubs	12	44	-32
Adán_Vergara	wikicat_Universidad_Católica_footballers	106	138	-32
Robert_G._Ingersoll	wikicat_American_lawyers	30	62	-32
Charles_K._Kao	wikicat_Japan_Prize_laureates	72	104	-32
Scary_Movie_4	wikicat_2006_films	117	149	-32
Ljubiša_Stevanović	wikicat_Yugoslavia_international_footballers	21	53	-32
Karl_Marx	wikicat_English_philosophers	19	51	-32
Joyce_Carol_Oates	wikicat_American_dramatists_and_playwrights	20	52	-32
Peter_Kropotkin	wikicat_Atheist_philosophers	8	40	-32
Eduardo_Marques	wikicat_APOP_Kinyras_FC_players	234	266	-32
Giovane_Élber	wikicat_Expatriate_footballers_in_Italy	19	52	-33
Vijay_(actor)	wikicat_Loyola_College,_Chennai_alumni	40	73	-33
John_F._Kennedy	wikicat_Cold_War_leaders	22	55	-33
Oliver_Ryan	wikicat_Ilkeston_Town_F.C._players	2	35	-33
Insurgency_in_the_Maghreb_(2002–present)	wikicat_Ongoing_insurgencies	47	80	-33
Aleksinac	wordnet_administrative_district_108491826	17	50	-33
Philipps_University_of_Marburg	wikicat_Universities_and_colleges_in_Hesse	4	37	-33
David_Craig_(Scottish_footballer)	wikicat_Expatriate_footballers_in_Hong_Kong	3	36	-33
Stocksbridge_Park_Steels_F.C.	wikicat_Football_clubs_in_South_Yorkshire	1	34	-33
Laurent_Boutonnat	wikicat_French_film_directors	11	45	-34
Josiesley_Ferreira_Rosa	wikicat_Association_football_forwards	2	36	-34
Heiðar_Helguson	wikicat_Fulham_F.C._players	40	74	-34
Steven_Caldwell	wikicat_Association_football_defenders	6	40	-34
Ludwig_von_Mises	wikicat_Jewish_philosophers	15	49	-34
Amartya_Sen	wikicat_Academics_of_the_London_School_of_Economics	136	170	-34
Andriy_Raspopov	wikicat_FK_Simurq_Zaqatala_players	31	65	-34
Club_León	wordnet_club_108227214	32	66	-34
Glen_Moss	wikicat_Expatriate_footballers_in_Romania	212	247	-35
Jerry_Pournelle	wikicat_American_journalists	33	68	-35
Mohammadou_Idrissou	wikicat_MSV_Duisburg_players	58	93	-35
Quentin_Tarantino	wikicat_German-language_film_directors	113	148	-35
Quarentinha	wikicat_América_de_Cali_footballers	4	39	-35
Osnabrück	wikicat_Populated_places_established_in_the_8th_century	23	58	-35
Albert_Camus	wikicat_Anarchists	24	59	-35
Charlie_Chaplin	wikicat_Vaudeville_performers	14	49	-35
FC_Torpedo-ZIL_Moscow	wikicat_Defunct_football_clubs_in_Russia	3	39	-36
Matías_Urbano	wikicat_San_Lorenzo_footballers	23	59	-36
Hamburg	wikicat_NUTS_1_statistical_regions_of_the_European_Union	33	69	-36
Roberto_Merino	wikicat_Servette_FC_players	61	97	-36
Bobby_Weale	wikicat_Cardiff_City_F.C._players	52	88	-36
Raf_de_Gregorio	wikicat_2003_FIFA_Confederations_Cup_players	32	68	-36
Luxembourg	wikicat_Divided_regions	46	82	-36
Julia_Kristeva	wikicat_Fellows_of_the_British_Academy	5	41	-36
Keith_Scott_(footballer)	wikicat_Tamworth_F.C._players	27	63	-36
Albert_Camus	wikicat_Modernist_writers	16	52	-36
Carl_Tiler	wikicat_Association_football_central_defenders	71	107	-36
Ivan_Dragičević	wikicat_FK_Banat_Zrenjanin_players	117	154	-37
Nenad_Stojanović	wikicat_FK_Vojvodina_players	28	65	-37
Luis_Bacalov	wikicat_Living_people	14	51	-37
Paul_Robinson_(footballer,_born_1984)	wikicat_People_from_Newcastle_upon_Tyne	1	38	-37
Luis_Flores_(basketball)	wikicat_Golden_State_Warriors_players	39	76	-37
Kolkata	wikicat_Cities_with_millions_of_inhabitants	7	44	-37
New_Haven	wikicat_Cities_in_the_United_States	27	64	-37
Daniel_Nannskog	wikicat_Norwegian_First_Division_players	46	83	-37
Jan_Budtz	wikicat_Wolverhampton_Wanderers_F.C._players	51	88	-37
Imperia	wikicat_Cities_and_towns_in_Liguria	114	151	-37
Democrata_Futebol_Clube	wikicat_Association_football_clubs_established_in_1914	4	42	-38
Nenad_Mladenović	wikicat_Expatriate_footballers_in_Ukraine	4	42	-38
Juan_Carlos_Reyes_(footballer)	wikicat_Juventud_Independiente_footballers	93	131	-38
Frédéric_Bastiat	wikicat_19th-century_economists	19	57	-38
Prescot_Cables_F.C.	wikicat_Football_clubs_in_England	5	44	-39
Thomas_Mann	wikicat_German-language_writers	31	70	-39
Leipzig	wikicat_Cities_in_Saxony	17	56	-39
Nikola_Karčev	wikicat_FK_Metalac_Gornji_Milanovac_players	14138	14177	-39
Kurt_Vonnegut	wikicat_American_people_of_German_descent	10	49	-39
Roger_Penrose	wikicat_Professors_of_Gresham_College	112	151	-39
Fernando_Machado	wikicat_Montevideo_Wanderers_F.C._players	15	55	-40
Evando	wikicat_Santos_Futebol_Clube_players	15	55	-40
Spennymoor_Town_F.C.	wordnet_club_108227214	2	42	-40
Alfred_North_Whitehead	wikicat_English_mathematicians	146	186	-40
Boaz_Myhill	wikicat_Association_football_goalkeepers	9	50	-41
Jacques_Chaban-Delmas	wikicat_Transport_ministers_of_France	40	81	-41
SK_Brann	wikicat_Defunct_athletics_clubs_in_Norway	3	44	-41
Andy_Webster	wikicat_Association_football_defenders	3	44	-41
Lulu_(singer)	wikicat_Atco_Records_artists	286	327	-41
Michael_Lamey	wikicat_AZ_Alkmaar_players	46	87	-41
Wolfgang_Frank	wikicat_German_expatriate_footballers	45	86	-41
Fábio_Lima	wikicat_FC_Gloria_Buzău_players	37	78	-41
Socialist_Party_(France)	wikicat_Socialist_parties	8	49	-41
Helsingborg_Municipality	wordnet_administrative_district_108491826	1	43	-42
Free_City_of_Lübeck	wikicat_States_of_the_Weimar_Republic	14	56	-42
Matthew_Broderick	wikicat_American_people_of_British_descent	12	54	-42
Riza_Lushta	wikicat_A.S._Bari_players	29	71	-42
Blackpool_F.C.	wikicat_Football_clubs_in_Lancashire	28	70	-42
Samir_Aliyev	wikicat_Association_football_forwards	146	188	-42
Christian_Callejas	wikicat_Expatriate_footballers_in_Paraguay	11	53	-42
Krasnodar_Krai	wordnet_administrative_district_108491826	5	47	-42
Rolando_Escobar	wikicat_Panamanian_expatriate_footballers	27	70	-43
Emre_Belözoğlu	wikicat_Footballers_from_Istanbul	27	70	-43
Levan_Maghradze	wikicat_AEP_Paphos_players	20	63	-43
Debbie_Reynolds	wikicat_People_from_Beverly_Hills,_California	134	177	-43
Carl_Pentney	wikicat_Bath_City_F.C._players	16	59	-43
Stendhal	wikicat_Pseudonymous_writers	13	56	-43
Dennis_Rodman	wikicat_American_television_hosts	13	56	-43
Gordan_Petrić	wikicat_Yugoslavia_international_footballers	47	91	-44
Pepe_Reina	wikicat_UEFA_Euro_2012_players	66	110	-44
Lyndon_B._Johnson	wikicat_People_of_the_Vietnam_War	11	55	-44
Scott_Willis_(footballer)	wikicat_Stalybridge_Celtic_F.C._players	94	138	-44
Dimba	wikicat_Brasiliense_Futebol_Clube_players	59	103	-44
Marie_Curie	wikicat_Exhumed_people	1	45	-44
Fábio_Bilica	wikicat_U.S._Città_di_Palermo_players	434	478	-44
Peter_Debye	wikicat_Physical_chemists	26	71	-45
Manuel_Márquez_de_León_International_Airport	wikicat_Airports_in_Baja_California_Sur	137	182	-45
A.S._Bari	wikicat_Association_football_clubs_established_in_1908	13	58	-45
Kid_Rock	wikicat_American_libertarians	1461	1506	-45
Graham_Stack_(footballer)	wikicat_Leeds_United_A.F.C._players	161	206	-45
Massachusetts_Institute_of_Technology	wikicat_Universities_and_colleges_in_Cambridge,_Massachusetts	12	57	-45
Cat_Power	wikicat_Pianists	137	183	-46
Quebec	wikicat_Romance_countries_and_territories	10	56	-46
Daniel_Arismendi	wikicat_Torneo_Descentralizado_footballers	62	108	-46
Alice_Cooper	wikicat_American_rock_musicians	39	86	-47
Paul_Gerrard	wikicat_Everton_F.C._players	32	79	-47
Emmanuel_Levinas	wikicat_Social_philosophers	17	64	-47
Jared_Borgetti	wikicat_2005_FIFA_Confederations_Cup_players	352	399	-47
Jean-Emmanuel_Effa_Owona	wikicat_MKE_Ankaragücü_footballers	24	71	-47
Quarentinha	wikicat_Association_football_forwards	4	51	-47
Order_of_the_White_Lion	wikicat_Military_awards_and_decorations	2	50	-48
Amica_Wronki	wordnet_club_108227214	1	49	-48
Niels_Bohr	wikicat_Physical_chemists	199	247	-48
Marcus_Vinícius_da_Cruz_Alves_Nóbrega	wikicat_People_from_Rio_de_Janeiro_(city)	11	59	-48
Lionel_Messi	wikicat_2011_Copa_América_players	9	57	-48
Daphne_du_Maurier	wikicat_LGBT_novelists	78	126	-48
Marta_(footballer)	wikicat_Club_de_Regatas_Vasco_da_Gama_players	76	125	-49
China	wikicat_States_and_territories_established_in_1949	15	64	-49
Geoffrey_Castillion	wikicat_AFC_Ajax_players	35	84	-49
Alexandre_Lopes	wikicat_Criciúma_Esporte_Clube_players	155	204	-49
Anselmo_Ramon	wikicat_Brazilian_expatriates_in_China	25	74	-49
Romy_Schneider	wikicat_20th-century_actresses	35	85	-50
Reba_McEntire	wikicat_People_from_McAlester,_Oklahoma	222	272	-50
Zygmunt_Bauman	wikicat_Marxist_theorists	43	93	-50
Werner_Heisenberg	wikicat_Philosophers_of_science	74	124	-50
Kraljevo	wikicat_Municipalities_and_cities_of_Šumadija_and_Western_Serbia	12	63	-51
George_Carlin	wikicat_American_political_writers	9	60	-51
Canada	wikicat_States_and_territories_established_in_1867	48	99	-51
Elbląg_County	wikicat_Counties_of_Poland	41	93	-52
Carl_Sagan	wikicat_Agnostics	64	116	-52
Luton	wikicat_Towns_in_Bedfordshire	126	178	-52
Mario_Bolatti	wikicat_Sport_Club_Internacional_players	20	72	-52
Indonesia	wikicat_States_and_territories_established_in_1949	70	123	-53
Grigori_Perelman	wikicat_Living_people	55	108	-53
Roger_Hodgson	wikicat_English_expatriates_in_the_United_States	45	98	-53
Jacques_Chirac	wikicat_Agriculture_ministers	1666	1719	-53
Robert_Enke	wikicat_Fenerbahçe_footballers	19	72	-53
Nikos_Barboudis	wikicat_Apollon_Kalamarias_F.C._players	29	83	-54
Gustavo_Reggi	wikicat_Reggina_Calcio_players	110	164	-54
Brigit_of_Kildare	wikicat_Roman_Catholic_saints	8	62	-54
George_Abbott	wikicat_American_autobiographers	77	131	-54
Malpensa_Airport	wikicat_Airports_established_in_1909	12798	12852	-54
Brian_O'Nolan	wikicat_Pseudonymous_writers	2	57	-55
Polonia_Warsaw	wikicat_Chess_clubs	190	245	-55
Pennington_County,_South_Dakota	wordnet_county_108546183	3	58	-55
Thuringia	wikicat_States_of_the_Weimar_Republic	2	57	-55
Maccabi_Netanya_F.C.	wikicat_Association_football_clubs_established_in_1934	5	61	-56
Jonathan_Gould	wikicat_Clevedon_Town_F.C._players	6	62	-56
Frank_Sinatra	wikicat_American_male_voice_actors	9	65	-56
Chandigarh	wikicat_Planned_cities	126	182	-56
FC_Ripensia_Timișoara	wikicat_Association_football_clubs_established_in_1928	121	177	-56
Jason_Blunt	wikicat_Goole_A.F.C._players	65	121	-56
Džoni_Novak	wikicat_FK_Partizan_players	142	198	-56
MYPA	wordnet_club_108227214	8	65	-57
Clint_Marcelle	wikicat_Gainsborough_Trinity_F.C._players	53	110	-57
Levan_Maghradze	wikicat_Skoda_Xanthi_F.C._players	66	123	-57
Altrincham_F.C.	wikicat_Association_football_clubs_established_in_1891	1670	1727	-57
Carl_Sagan	wikicat_American_pacifists	10	67	-57
Nicolae_Simatoc	wikicat_Brescia_Calcio_players	39	97	-58
Chuck_Norris	wikicat_American_political_pundits	553	611	-58
VfL_Wolfsburg	wikicat_Football_clubs_in_Lower_Saxony	6	64	-58
Andrey_Yeshchenko	wikicat_FC_Khimki_players	23	81	-58
War_on_Terror	wikicat_Ongoing_conflicts	23	82	-59
Silviu_Izvoranu	wikicat_FC_Volyn_Lutsk_players	22	81	-59
Jermain_Defoe	wikicat_England_B_international_footballers	27	87	-60
Gene_Kelly	wikicat_American_musical_theatre_actors	49	109	-60
Friedrich_Engels	wikicat_German_economists	19	79	-60
PH_postcode_area	wordnet_area_108497294	40	100	-60
Inglewood,_California	wordnet_administrative_district_108491826	1	61	-60
Zala_County	wordnet_administrative_district_108491826	3	63	-60
Nicolaus_Copernicus_University_in_Toruń	wordnet_university_108286569	7	67	-60
Liam_Lawrence	wikicat_Barnsley_F.C._players	65	126	-61
Marcel_Domingo	wikicat_French_people_of_Spanish_descent	53	115	-62
Bavarian_Order_of_Merit	wordnet_award_106696483	3	65	-62
Jerry_Siegel	wordnet_person_100007846	1	63	-62
Rincón_(footballer_born_1987)	wikicat_Inter_Milan_players	131	193	-62
Valdas_Ivanauskas	wikicat_Lithuanian_football_managers	251	313	-62
Yale_University	wikicat_Universities_and_colleges_in_New_Haven_County,_Connecticut	121	184	-63
Maldives	wikicat_States_and_territories_established_in_1965	50	113	-63
Charles_Darwin	wikicat_Science_writers	54	117	-63
Gene_Wilder	wikicat_American_people_of_Russian-Jewish_descent	87	150	-63
Mario_Yepes	wikicat_Paris_Saint-Germain_F.C._players	81	144	-63
Jamie_Lee_Curtis	wikicat_American_people_of_Danish_descent	73	136	-63
Manuel_Preciado_Rebolledo	wikicat_Sporting_de_Gijón_managers	12755	12819	-64
Épinal	wikicat_Prefectures_in_France	1	65	-64
Gustavo_Reggi	wikicat_Unión_de_Santa_Fe_footballers	270	334	-64
Vanderlei_Mascarenhas_dos_Santos	wikicat_Clube_Atlético_Bragantino_players	70	134	-64
Ebbw_Vale_F.C.	wikicat_Association_football_clubs_established_in_1888	46	111	-65
Michael_Carrick	wikicat_England_B_international_footballers	19	84	-65
Roger_Ebert	wikicat_Science_fiction_fans	134	199	-65
Souss-Massa-Drâa	wordnet_administrative_district_108491826	3	68	-65
Saint-Jérôme,_Quebec	wikicat_Municipalities_in_Quebec	11537	11602	-65
Mylène_Farmer	wikicat_Musicians_from_Montreal	14765	14830	-65
TN_postcode_area	wordnet_area_108497294	2	68	-66
Jennifer_Lopez	wikicat_Actresses_from_New_York_City	27	94	-67
Martin_Luther_King,_Jr.	wikicat_American_anti–Vietnam_War_activists	7	74	-67
Segundo_Castillo	wikicat_Serbian_SuperLiga_players	16	84	-68
Hapoel_Galil_Elyon	wordnet_club_108227214	6	74	-68
Tamia	wikicat_Canadian_people	22	90	-68
Ahmed_Deen	wikicat_Bishop's_Stortford_F.C._players	36	105	-69
James_Stansfield	wikicat_Guiseley_A.F.C._players	10	79	-69
Ashley_Vickers	wikicat_Association_football_defenders	51	120	-69
Anne,_Princess_Royal	wikicat_Living_people	171	241	-70
George_Oghani	wikicat_Bury_F.C._players	47	117	-70
Harvard_Business_School	wikicat_Educational_institutions_established_in_1908	73	143	-70
Dorge_Kouemaha	wikicat_Expatriate_footballers_in_Hungary	10	80	-70
Deportivo_Pereira	wikicat_Football_clubs_in_Colombia	295	366	-71
S.E.F._Torres_1903	wikicat_Association_football_clubs_established_in_1903	11	82	-71
Jackass_Number_Two	wikicat_2006_films	173	244	-71
Gilbert_Bodart	wikicat_Belgium_international_footballers	6	77	-71
FK_Šilutė	wikicat_Football_clubs_in_Lithuania	70	142	-72
Daniel_Dennett	wikicat_Analytic_philosophers	4	76	-72
Søren_Kierkegaard	wikicat_Christian_philosophers	4	76	-72
J._R._Bremer	wikicat_Fenerbahçe_men's_basketball_players	38	110	-72
Kashmir_Valley	wikicat_Princely_states_of_India	8	81	-73
Barack_Obama	wikicat_American_people_of_Huguenot_descent	256	329	-73
Lambda_Literary_Award	wikicat_American_literary_awards	2	75	-73
Fábio_Bilica	wikicat_F.B.C._Unione_Venezia_players	197	270	-73
Chien-Shiung_Wu	wikicat_Chinese_emigrants_to_the_United_States	489	562	-73
Art_Prize_of_the_German_Democratic_Republic	wikicat_Art_awards	12	85	-73
Anthony_Eden	wikicat_British_people_of_World_War_II	28	103	-75
Sean_Clancy	wikicat_England_semi-pro_international_footballers	85	160	-75
50_Cent	wikicat_Shady_Records_artists	97	173	-76
Branco_(footballer)	wikicat_1986_FIFA_World_Cup_players	157	234	-77
Olivia_Newton-John	wikicat_British_actors	130	207	-77
Artavazd_Karamyan	wikicat_Armenia_international_footballers	5	82	-77
University_of_Freiburg	wordnet_university_108286569	30	108	-78
Lon_Chaney_(Sr.)	wikicat_Silent_film_directors	18	96	-78
Gustav_Kirchhoff	wikicat_19th-century_German_people	53	131	-78
Carlos_María_Morales	wikicat_LDU_Quito_footballers	190	268	-78
Mario_Yepes	wikicat_FC_Nantes_players	32	111	-79
Duchy_of_Styria	wikicat_States_and_territories_established_in_the_12th_century	15189	15268	-79
Ludwig_Wittgenstein	wikicat_Contemporary_philosophers	28	107	-79
Los_Cabos_International_Airport	wikicat_Airports_in_Mexico	65	145	-80
Kathy_Bates	wikicat_American_television_directors	159	239	-80
Henri_Poincaré	wikicat_Logicians	32	112	-80
Friedrich_Engels	wikicat_People_from_the_Rhine_Province	172	252	-80
Werner_Heisenberg	wikicat_Knight_Commanders_of_the_Order_of_Merit_of_the_Federal_Republic_of_Germany	84	165	-81
Artavazd_Karamyan	wikicat_Armenian_expatriates_in_Romania	14544	14625	-81
Jamil_Fearrington	wikicat_Association_football_central_defenders	142	223	-81
Robert_Solow	wikicat_Living_people	11	93	-82
Jarosław_Bako	wikicat_Lech_Poznań_players	25	107	-82
Kangerlussuaq_Airport	wordnet_airport_102692232	1	83	-82
Jerome_Beasley	wikicat_Miami_Heat_players	118	200	-82
Kim_Christensen_(footballer_born_1980)	wikicat_FC_Twente_players	180	262	-82
Diego_Serna	wikicat_New_England_Revolution_players	67	150	-83
Washington,_D.C.	wikicat_Capitals_in_North_America	164	247	-83
Keijo_Huusko	wikicat_BK_Häcken_players	95	179	-84
Antonio_Rizzolo	wikicat_Segunda_División_footballers	38	122	-84
Agnaldo_Cordeiro_Pereira	wikicat_Brasiliense_Futebol_Clube_players	44	128	-84
ABC_Futebol_Clube	wordnet_club_108227214	143	227	-84
Guy_Feutchine	wikicat_Kallithea_F.C._players	1196	1281	-85
Friedrich_Engels	wikicat_German_revolutionaries	35	120	-85
Alice_Springs_Airport	wordnet_airport_102692232	6	91	-85
John_Bates_Clark_Medal	wikicat_Economics_awards	21	107	-86
Amha_Selassie	wikicat_Knights_of_the_Royal_Order_of_the_Seraphim	18	105	-87
Ruch_Chorzów	wikicat_Football_clubs_in_Poland	6	93	-87
Kurt_Hamrin	wikicat_A.C._Milan_players	12	100	-88
Holger_Fach	wikicat_FC_Augsburg_managers	21	109	-88
Dave_Mooney	wikicat_Reading_F.C._players	86	175	-89
Mike_Pollitt	wikicat_Burnley_F.C._players	17	106	-89
Mike_Pollitt	wikicat_Bury_F.C._players	32	122	-90
Mamadou_Bagayoko	wikicat_The_Football_League_players	8	98	-90
Lucero_(entertainer)	wikicat_Mexican_stage_actresses	12956	13046	-90
Scott_Willis_(footballer)	wikicat_Halifax_Town_A.F.C._players	26	117	-91
Camille_Abily	wikicat_Paris_Saint-Germain_F.C._(Ladies)_players	432	523	-91
Jusuf_Dajić	wikicat_Jeonbuk_Hyundai_Motors_players	36	127	-91
Nicolás_Muñoz	wikicat_Association_football_forwards	11	102	-91
Eric_Clapton	wikicat_Blues_singers	8	100	-92
David_Arquette	wikicat_Jewish_American_writers	136	228	-92
Olivia_Newton-John	wikicat_Australian_people_of_German_descent	16751	16844	-93
Jesús_Franco	wikicat_People_from_Madrid	3	96	-93
Chakhir_Belghazouani	wikicat_French_people_of_Moroccan_descent	115	208	-93
Robert_Anton_Wilson	wikicat_American_anarchists	67	161	-94
FC_Zorya_Luhansk	wikicat_Association_football_clubs_established_in_1923	3	97	-94
Masaru_Sato	wikicat_Japanese_film_score_composers	16411	16506	-95
Zlatan_Ibrahimović	wikicat_AFC_Ajax_players	46	141	-95
Rollins_College	wikicat_Educational_institutions_established_in_1885	119	215	-96
Odessa	wikicat_Hero_Cities_of_the_Soviet_Union	37	133	-96
Poul_Anderson	wikicat_21st-century_writers	14	110	-96
Sardinia	wordnet_administrative_district_108491826	4	100	-96
Celebes_Sea	wikicat_Bodies_of_water_of_the_Philippines	14117	14214	-97
Vlatko_Marković	wikicat_Yugoslav_football_managers	27	125	-98
Highland_Park,_Michigan	wikicat_Cities_in_Wayne_County,_Michigan	36	134	-98
Serghei_Rogaciov	wikicat_FC_Sheriff_Tiraspol_players	1173	1272	-99
George_Carlin	wikicat_American_social_commentators	286	385	-99
Kelly_Berville	wikicat_APOP_Kinyras_FC_players	237	336	-99
Dick_Cheney	wikicat_American_people_of_French_descent	82	181	-99
Gene_Wilder	wikicat_American_writers	96	196	-100
Edinburgh	wordnet_administrative_district_108491826	13	113	-100
Pichincha_Province	wikicat_States_and_territories_established_in_1824	27	129	-102
Wrexham_F.C.	wikicat_Former_Football_League_clubs	22	124	-102
Erison_da_Silva_Santos	wikicat_PFC_Slavia_Sofia_players	160	262	-102
Carlos_Valderrama	wikicat_1993_Copa_América_players	26	130	-104
Milovan_Milović	wikicat_FK_Bežanija_players	199	303	-104
George_Dantzig	wikicat_American_operations_researchers	3	107	-104
Armand_Traoré	wikicat_AS_Monaco_FC_players	83	187	-104
Grand_Duke_Konstantin_Nikolayevich_of_Russia	wordnet_person_100007846	45	150	-105
FC_Istres	wikicat_Football_clubs_in_France	43	148	-105
Jim_Adams_(soccer)	wikicat_Kansas_City_Attack_(NPSL)_players	12836	12941	-105
Çaykur_Rizespor	wikicat_Football_clubs_in_Turkey	34	139	-105
Niels_Bohr	wikicat_Jewish_atheists	77	183	-106
Moldova	wikicat_Romance_countries_and_territories	21	127	-106
Jack_Black	wikicat_Jewish_American_writers	70	176	-106
Mark_Prudhoe	wikicat_Doncaster_Rovers_F.C._players	71	178	-107
Sivaji_Ganesan	wikicat_People_from_Thanjavur_district	435	542	-107
Keith_Jarrett	wikicat_Hard_bop_pianists	56	163	-107
England	wikicat_Germanic_countries_and_territories	54	162	-108
Rincón_(footballer_born_1987)	wikicat_Empoli_F.C._players	458	566	-108
Paulus_Roiha	wikicat_Cercle_Brugge_K.S.V._players	13	121	-108
Georg_Wilhelm_Friedrich_Hegel	wikicat_Architectural_theoreticians	229	338	-109
David_Martin_(footballer_born_1986)	wikicat_Wimbledon_F.C._players	60	171	-111
Malmö_FF	wikicat_Association_football_clubs_established_in_1910	13	126	-113
Jared_Borgetti	wikicat_Bolton_Wanderers_F.C._players	566	679	-113
Gustavo_Victoria	wikicat_Converts_to_Islam	130	243	-113
Serge_Gainsbourg	wikicat_Mercury_Records_artists	113	227	-114
Richard_Barthelmess	wikicat_People_from_Long_Island	66	180	-114
Robert_Fogel	wikicat_American_historians	1	115	-114
Mia_Farrow	wikicat_UNICEF_people	464	579	-115
Rodney_Bush	wikicat_White_South_African_people	648	763	-115
Reba_McEntire	wikicat_American_female_country_singers	51	166	-115
Bechara_Oliveira	wikicat_Odense_Boldklub_players	34	151	-117
Order_of_the_Nile	wikicat_Orders_of_knighthood_awarded_to_heads_of_state,_consorts_and_sovereign_family_members	1	118	-117
Silkeborg	wordnet_administrative_district_108491826	243	360	-117
Karl_Marx	wikicat_German_journalists	212	330	-118
Richard_Dawkins	wikicat_Critics_of_religions	17	135	-118
Ezequiel_Lavezzi	wikicat_Medalists_at_the_2008_Summer_Olympics	9	128	-119
Anthony_Eden	wikicat_Conservative_Party_(UK)_politicians	48	168	-120
Francis_Bacon	wikicat_Empiricists	29	150	-121
Jean-Paul_Sartre	wikicat_Psychedelic_drug_advocates	92	213	-121
Henri_Lefebvre	wikicat_Marxist_humanists	297	419	-122
Peter_Sarsgaard	wikicat_American_people_of_Danish_descent	44	167	-123
Mamadou_Bagayoko	wikicat_Doncaster_Rovers_F.C._players	198	322	-124
Henry_Jaglom	wikicat_American_dramatists_and_playwrights	69	193	-124
Mahesh_Babu	wikicat_Telugu_male_actors	15342	15471	-129
Valparaíso	wordnet_administrative_district_108491826	5	134	-129
Thiago_Maciel	wikicat_Betim_Esporte_Clube_players	54	183	-129
Nikita_Rukavytsya	wikicat_K.S.V._Roeselare_players	143	273	-130
Ethio-Somali_War	wikicat_Wars_involving_Yemen	10013	10143	-130
Karl_Marx	wikicat_English_revolutionaries	91	222	-131
Bruno_Šundov	wikicat_CB_Lucentum_Alicante_players	161	292	-131
Giovanny_Espinoza	wikicat_C.F._Monterrey_footballers	288	419	-131
Nenad_Stojanović	wikicat_Yugoslav_footballers	30	161	-131
Damián_Manso	wikicat_Expatriate_footballers_in_Ecuador	61	193	-132
Cédric_Roussel	wikicat_Walloon_people	99	234	-135
Michael_Thwaite	wikicat_Wisła_Kraków_players	13	148	-135
1._FC_Kaiserslautern	wikicat_Association_football_clubs_established_in_1900	47	183	-136
Jimmy_Oliver	wikicat_ABA_League_players	61	198	-137
Kalusha_Bwalya	wikicat_Cercle_Brugge_K.S.V._players	109	247	-138
Steve_Jones_(Northern_Irish_footballer)	wikicat_Bradford_City_A.F.C._players	17	156	-139
Fredrik_Björck	wikicat_Tromsø_IL_players	612	751	-139
Nenad_Stojanović	wikicat_FK_Leotar_players	223	362	-139
Alexander_Haig	wikicat_American_generals	29	168	-139
Édison_Méndez	wikicat_2014_FIFA_World_Cup_players	56	196	-140
Kim_Nam-il	wikicat_2002_CONCACAF_Gold_Cup_players	97	238	-141
Claudette_Colbert	wikicat_Kennedy_Center_honorees	91	232	-141
Neil_Lennon	wikicat_Northern_Ireland_B_international_footballers	358	500	-142
Ljubljana	wikicat_Capitals_in_Europe	80	222	-142
Leonid_Hurwicz	wikicat_American_people_of_Polish-Jewish_descent	112	255	-143
Craig_McAllister	wikicat_Crawley_Town_F.C._players	199	342	-143
Nana_Falemi	wikicat_FC_Volyn_Lutsk_players	83	226	-143
Vlatko_Marković	wikicat_Croatia_national_football_team_managers	33	177	-144
Memphis,_Tennessee	wikicat_Planned_cities_in_the_United_States	86	231	-145
Fábio_Bilica	wikicat_Olympic_footballers_of_Brazil	443	590	-147
Jamie_Lee_Curtis	wikicat_American_people_of_Hungarian-Jewish_descent	35	182	-147
Mario_Cáceres	wikicat_Liga_MX_footballers	177	325	-148
Giovane_Élber	wikicat_Olympique_Lyonnais_players	28	177	-149
FK_Hajduk_Kula	wikicat_Association_football_clubs_established_in_1912	24	173	-149
Rijeka	wikicat_Capitals_of_former_nations	29	179	-150
Pyrzyce_County	wikicat_Counties_of_Poland	23	173	-150
Leeds	wordnet_administrative_district_108491826	15	165	-150
Oleg_Dolmatov	wikicat_FC_Dynamo_Saint_Petersburg_managers	16449	16600	-151
University_of_Freiburg	wikicat_Educational_institutions_established_in_the_15th_century	57	208	-151
Neville_Chamberlain_(footballer)	wikicat_English_football_managers	48	200	-152
TuS_Celle_FC	wikicat_Association_football_clubs_established_in_1945	24	177	-153
Chakhir_Belghazouani	wikicat_Morocco_international_footballers	15	169	-154
Santiago_Cañizares	wikicat_People_from_Madrid	81	238	-157
George_Carlin	wikicat_American_non-fiction_writers	66	224	-158
Phil_Keaggy	wikicat_Fingerstyle_guitarists	16427	16585	-158
Auckland_City_FC	wordnet_club_108227214	8	167	-159
Birmingham,_Michigan	wikicat_Cities_in_Oakland_County,_Michigan	16238	16398	-160
Dennis_William_Sciama	wikicat_People_educated_at_Malvern_College	763	924	-161
Dieter_Van_Tornhout	wikicat_People_from_Ghent	14740	14901	-161
Thomas_Paine	wikicat_People_from_Greenwich_Village,_New_York	873	1035	-162
Nelson_Mandela	wikicat_Pacifists	5	167	-162
Fritz_Lang	wikicat_American_people_of_Austrian_descent	241	405	-164
Thiruvananthapuram	wordnet_administrative_district_108491826	36	200	-164
John_Badham	wikicat_English_television_directors	16	181	-165
Aristotle	wikicat_Philosophers_of_language	35	200	-165
John_McGlashan_(footballer)	wikicat_Cambridge_United_F.C._players	6	172	-166
Chris_de_Burgh	wikicat_Irish_pop_singers	143	309	-166
Portland_Pride	wordnet_club_108227214	2	170	-168
Tarbes	wikicat_Communes_of_Hautes-Pyrénées	12073	12243	-170
John_Cassavetes	wikicat_Film_directors_from_New_York_City	122	292	-170
Karl_Marx	wikicat_People_from_the_Rhine_Province	143	314	-171
Thomas_Jefferson	wikicat_Classical_liberals	75	246	-171
Robert_Bunsen	wikicat_19th-century_German_people	21	192	-171
Charlie_Davies	wikicat_FC_Sochaux-Montbéliard_players	1371	1542	-171
Virginia_Beach,_Virginia	wikicat_Populated_places_established_in_1906	280	452	-172
Sarah_Jessica_Parker	wikicat_UNICEF_people	333	505	-172
Dario_Dabac	wikicat_Association_football_fullbacks	352	525	-173
Søren_Kierkegaard	wikicat_Danish_people	51	226	-175
James_Stansfield	wikicat_Liversedge_F.C._players	23	198	-175
Swansea	wordnet_administrative_district_108491826	6	183	-177
Robert_Altman	wikicat_Film_directors_from_Missouri	654	832	-178
Barack_Obama	wikicat_American_male_writers	175	353	-178
Jean-Emmanuel_Effa_Owona	wikicat_Elazığspor_footballers	195	373	-178
David_Cox_(statistician)	wikicat_Probability_theorists	57	239	-182
Artavazd_Karamyan	wikicat_FC_Steaua_București_players	262	444	-182
Toshiko_Akiyoshi	wikicat_Hard_bop_pianists	77	260	-183
University_of_Warsaw	wordnet_university_108286569	8	191	-183
Slunj	wordnet_administrative_district_108491826	14	198	-184
Nikola_Jozić	wikicat_Eintracht_Frankfurt_players	227	411	-184
Münster	wordnet_administrative_district_108491826	75	259	-184
Gene_Kelly	wikicat_American_male_musical_theatre_actors	42	228	-186
Josiesley_Ferreira_Rosa	wikicat_Clube_Atlético_Mineiro_players	40	226	-186
Eric_Clapton	wikicat_Warner_Bros._Records_artists	810	997	-187
Alexander_Søderlund	wikicat_Expatriate_footballers_in_Italy	265	452	-187
50_Cent	wikicat_Shoe_designers	15713	15902	-189
University_College_Dublin	wikicat_Universities_and_colleges_in_the_Republic_of_Ireland	11327	11516	-189
Manuel_Blum	wikicat_Living_people	8	197	-189
John_Magnier	wordnet_person_100007846	4	194	-190
Turan_Tovuz_PFK	wikicat_Association_football_clubs_established_in_1954	234	424	-190
William_Golding	wikicat_Royal_Navy_sailors	925	1118	-193
Friedrich_Engels	wikicat_19th-century_Prussian_people	78	272	-194
Jerry_Siegel	wikicat_Science_fiction_fans	137	332	-195
Martin_Luther_King,_Jr.	wikicat_Nonviolence_advocates	175	371	-196
Persija_Jakarta	wikicat_Association_football_clubs_established_in_1928	175	372	-197
Karl_Marx	wikicat_Historians_of_economic_thought	252	450	-198
David_Shire	wikicat_Yale_University_alumni	303	501	-198
Hamburg	wikicat_Port_cities_and_towns_of_the_North_Sea	46	245	-199
Paul_Bastock	wikicat_English_expatriate_footballers	63	262	-199
University_of_New_Brunswick	wikicat_Educational_institutions_established_in_the_1780s	66	265	-199
David_Byrne	wikicat_Scottish_male_film_actors	189	389	-200
Johnny_Carson	wikicat_United_States_Navy_officers	167	368	-201
Connacht	wordnet_administrative_district_108491826	3	204	-201
Doris_Lessing	wikicat_20th-century_dramatists_and_playwrights	63	265	-202
Georg_Wilhelm_Friedrich_Hegel	wikicat_19th-century_educators	399	603	-204
Bradley_Thomas_(footballer)	wikicat_Braintree_Town_F.C._players	120	326	-206
Bono	wikicat_Irish_rock_singers	16	223	-207
Arne_Friedrich	wikicat_UEFA_Euro_2008_players	64	273	-209
Chakhir_Belghazouani	wikicat_Moroccan_footballers	16	225	-209
Bruno_Šundov	wikicat_Maccabi_Tel_Aviv_B.C._players	53	262	-209
Aaran_Lines	wikicat_SV_Werder_Bremen_players	240	450	-210
Al-Taawon_FC	wikicat_Association_football_clubs_established_in_1956	1076	1286	-210
U.S._Pergolettese_1932	wikicat_Association_football_clubs_established_in_1932	221	431	-210
Dwight_D._Eisenhower	wikicat_United_States_Army_generals	40	251	-211
Michel_Aflaq	wikicat_Arab_politicians	153	364	-211
Columbus,_Ohio	wikicat_Planned_cities_in_the_United_States	179	390	-211
Joshua_Jackson	wikicat_Canadian_male_child_actors	85	298	-213
Hermann_Hreiðarsson	wikicat_Brentford_F.C._players	30	243	-213
Daniel_McBreen	wikicat_Expatriate_footballers_in_China	23	238	-215
Russ_Tamblyn	wikicat_American_male_dancers	273	489	-216
Julianne_Moore	wikicat_Actors_from_New_York_City	62	278	-216
1._FC_Cologne	wikicat_Association_football_clubs_established_in_1948	8	224	-216
Yaroslav_Svorak	wikicat_Living_people	3	219	-216
George_Orwell	wikicat_British_people_of_the_Spanish_Civil_War	292	509	-217
Vyacheslav_Sviderskyi	wikicat_2006_FIFA_World_Cup_players	162	381	-219
Marcin_Mięciel	wikicat_PAOK_FC_players	234	454	-220
Paul_Robinson_(footballer,_born_1984)	wikicat_Newcastle_Blue_Star_F.C._players	395	619	-224
Greg_Bear	wikicat_20th-century_writers	251	476	-225
Craig_David	wikicat_People_from_Southampton	15114	15342	-228
Ricky_Gervais	wikicat_Atheism_activists	60	288	-228
Dan_Aykroyd	wikicat_Male_actors_from_Ottawa	163	393	-230
Chris_de_Burgh	wikicat_Irish_male_singers	3	233	-230
Paulo_César_Rodrigues_Lima	wikicat_Brujas_FC_players	320	553	-233
Aldo_Adorno	wikicat_UD_Almería_footballers	136	371	-235
Christopher_Hitchens	wikicat_American_people_of_Polish-Jewish_descent	153	388	-235
Mark_Fotheringham	wikicat_Notts_County_F.C._players	163	400	-237
Alexander_Graham_Bell	wikicat_American_engineers	41	278	-237
W._S._Van_Dyke	wikicat_People_from_San_Diego,_California	4	243	-239
Kalusha_Bwalya	wikicat_Zambian_expatriate_footballers	12453	12692	-239
Ilian_Iliev	wikicat_Bulgarian_football_managers	277	518	-241
Francis_Bacon	wikicat_17th-century_Latin-language_writers	207	448	-241
Amartya_Sen	wikicat_Male_feminists	160	405	-245
Moussa_N'Diaye	wikicat_Senegalese_footballers	159	405	-246
Igor_Stojaković	wikicat_People_from_Kraljevo	36	287	-251
Chakhir_Belghazouani	wikicat_Expatriate_footballers_in_Ukraine	168	419	-251
Abū_Rayḥān_al-Bīrūnī	wikicat_Meteorologists	23	275	-252
Heybridge_Swifts_F.C.	wikicat_Association_football_clubs_established_in_1880	289	545	-256
Chhunly_Pagenburg	wikicat_1._FC_Nürnberg_II_players	128	391	-263
Christopher_Hitchens	wikicat_Free_speech_activists	81	344	-263
Bruce_Dickinson	wikicat_Singers_with_a_four-octave_vocal_range	1405	1668	-263
Clifford_Geertz	wikicat_American_male_writers	460	725	-265
Rabiola	wikicat_Piast_Gliwice_players	1189	1458	-269
James_Wong_(lyricist)	wikicat_Hong_Kong_writers	14254	14523	-269
Santiago_Cañizares	wikicat_Footballers_at_the_1992_Summer_Olympics	390	659	-269
George_Gebro	wikicat_Hapoel_Petah_Tikva_F.C._players	57	328	-271
Pierre_Teilhard_de_Chardin	wikicat_Cosmologists	757	1029	-272
Leipzig_University	wikicat_Educational_institutions_established_in_the_15th_century	43	317	-274
Caylloma_Province	wikicat_Provinces_of_Peru	111	386	-275
Stevenage_F.C.	wikicat_Football_clubs_in_Hertfordshire	51	328	-277
Barry_Manilow	wikicat_Juilliard_School_alumni	679	956	-277
Sun_Hei_SC	wikicat_Association_football_clubs_established_in_1986	43	321	-278
Eugène_Ionesco	wikicat_French_people_of_Greek_descent	7493	7772	-279
Sarah_Jessica_Parker	wikicat_Actors_from_Ohio	175	455	-280
David_Coverdale	wikicat_People_from_North_Yorkshire	4491	4772	-281
Eric_Idle	wikicat_English_dramatists_and_playwrights	93	374	-281
Pierre_Pflimlin	wikicat_People_from_Alsace	6653	6934	-281
Ludwig_von_Mises	wikicat_Libertarian_theorists	151	432	-281
Daniel_Pendín	wikicat_People_from_Rosario,_Santa_Fe	3	285	-282
Romford	wikicat_Post_towns_in_the_RM_postcode_area	16775	17058	-283
Dean_Gordon	wikicat_People_from_Croydon	538	821	-283
Gabriel_Urdaneta	wikicat_SV_Waldhof_Mannheim_players	1295	1579	-284
S.C._Freamunde	wikicat_Association_football_clubs_established_in_1933	98	383	-285
Wheeling,_West_Virginia	wikicat_Former_United_States_state_capitals	159	444	-285
Silvio_Berlusconi	wikicat_People_from_Milan	496	781	-285
Tigray_Region	wordnet_administrative_district_108491826	10	299	-289
Adolf_Hitler	wikicat_Stateless_people	115	404	-289
Glasgow	wikicat_Populated_places_established_in_the_6th_century	47	337	-290
Jean-Emmanuel_Effa_Owona	wikicat_US_Créteil-Lusitanos_players	221	514	-293
Nicollette_Sheridan	wikicat_People_from_West_Sussex	15001	15294	-293
Frank_Launder	wikicat_People_from_Hertfordshire	14908	15202	-294
John_Huston	wikicat_American_people_of_Scotch-Irish_descent	146	440	-294
Don_Hutchison	wikicat_People_from_Gateshead	1	299	-298
John_Adams	wikicat_People_from_Quincy,_Massachusetts	12786	13085	-299
Dario_Smoje	wikicat_A.C._Milan_players	360	659	-299
Hércules_CF	wikicat_Association_football_clubs_established_in_1922	137	437	-300
Mikel_Arce	wikicat_CD_Constancia_footballers	13658	13959	-301
Monty_Python	wikicat_Charisma_Records_artists	15249	15551	-302
Mitt_Romney	wikicat_Massachusetts_politicians	37	339	-302
Bert_Bates	wikicat_British_film_editors	150	453	-303
Qingdao_Jonoon_F.C.	wikicat_Football_clubs_in_China	101	405	-304
Papeete	wordnet_administrative_district_108491826	3	308	-305
Nick_Cave	wikicat_Alternative_rock_musicians	630	937	-307
Henri_Lefebvre	wikicat_Urban_theorists	109	417	-308
Éder_Aleixo_de_Assis	wikicat_1982_FIFA_World_Cup_players	130	441	-311
Eric_Clapton	wikicat_Blues_guitarists	16483	16794	-311
Chris_Coyne	wikicat_Colchester_United_F.C._players	34	347	-313
Kamloops_Blazers	wikicat_Sports_clubs_established_in_1981	1884	2198	-314
University_of_Graz	wikicat_Universities_and_colleges_in_Austria	148	463	-315
Moscow_State_University	wikicat_Universities_in_Moscow	14897	15213	-316
Edmond_N'Tiamoah	wikicat_Ghanaian_expatriates_in_Switzerland	101	418	-317
Dave_Mitchell_(footballer)	wikicat_Seiko_players	14898	15215	-317
Generoso_Rossi	wikicat_Queens_Park_Rangers_F.C._players	417	737	-320
André_Luiz_Moreira	wikicat_Footballers_at_the_1996_Summer_Olympics	146	473	-327
Paul_Dirac	wikicat_Alumni_of_the_University_of_Bristol	299	627	-328
Henry_León	wikicat_Independiente_José_Terán_footballers	15395	15724	-329
Édison_Méndez	wikicat_Clube_Atlético_Mineiro_players	281	611	-330
Fernando_Fernández_Escribano	wikicat_Diósgyőri_VTK_footballers	13985	14318	-333
Joseph_Stiglitz	wikicat_Academics_of_the_University_of_Manchester	383	718	-335
Kathy_Bates	wikicat_People_with_cancer	16408	16749	-341
Bret_McKenzie	wikicat_Officers_of_the_New_Zealand_Order_of_Merit	13139	13482	-343
Dijon_FCO	wikicat_Association_football_clubs_established_in_1936	5	352	-347
L.A._Reid	wikicat_Reality_television_judges	740	1087	-347
Kapurthala_district	wikicat_Districts_of_Punjab,_India	12798	13146	-348
Roald_Dahl	wikicat_British_aviators	15250	15598	-348
Ryan_Miller_(soccer)	wikicat_Soccer_players_from_Illinois	14323	14672	-349
Faraday_Medal	wikicat_British_awards	5	355	-350
Mircea_Rednic	wikicat_Al-Nassr_FC_managers	13703	14056	-353
NK_Celje	wikicat_Unrelegated_association_football_clubs	103	456	-353
Kalamata_F.C.	wikicat_Association_football_clubs_established_in_1967	3582	3936	-354
Herby_Fortunat	wikicat_Besa_Kavajë_players	39	394	-355
Leeuwarden	wordnet_administrative_district_108491826	172	528	-356
Kalloni_F.C.	wikicat_Association_football_clubs_established_in_1994	188	544	-356
Clonmel	wikicat_Towns_and_villages_in_County_Tipperary	198	554	-356
Mircea_Eliade	wikicat_Christian_writers	219	579	-360
Wolfgang_Frank	wikicat_VfB_Stuttgart_players	52	413	-361
Bangkok	wikicat_Populated_places_established_in_the_18th_century	359	721	-362
George_Oghani	wikicat_Guiseley_A.F.C._players	399	769	-370
Harvard_Business_School	wikicat_Business_schools_in_Massachusetts	13007	13377	-370
Gene_Wilder	wikicat_Diarists	283	656	-373
Sékou_Berthé	wikicat_Tours_FC_players	177	551	-374
Carlos_Gamarra	wikicat_Olympic_silver_medalists_for_Paraguay	232	608	-376
Joe_Addo	wikicat_VfB_Stuttgart_II_players	935	1313	-378
John_Henry_Newman	wikicat_Anglican_theologians	125	504	-379
Cat_Power	wikicat_Musicians_from_Georgia_(U.S._state)	239	620	-381
Jeremy_Bentham	wikicat_British_activists	339	723	-384
Norm_Macdonald	wikicat_Writers	774	1159	-385
Anagennisi_Karditsa_F.C.	wikicat_Sports_clubs_established_in_1904	438	831	-393
E.S._Troyes_A.C.	wikicat_Association_football_clubs_established_in_1900	114	508	-394
Sciences_Po	wikicat_Schools_of_international_relations	25	420	-395
Shimizu_S-Pulse	wikicat_Association_football_clubs_established_in_1991	84	482	-398
Eduardo_Gonçalves_de_Oliveira	wikicat_1._FSV_Mainz_05_players	192	590	-398
Winchester,_Virginia	wordnet_county_108546183	3723	4132	-409
Dolph_Lundgren	wikicat_People_from_Stockholm	18	437	-419
Cruzeiro_Esporte_Clube	wikicat_Football_clubs_in_Belo_Horizonte	11151	11573	-422
Tamil_Nadu	wordnet_administrative_district_108491826	648	1077	-429
Steve_Mardenborough	wikicat_Darlington_F.C._players	98	527	-429
Carlos_Navarro_Montoya	wikicat_Deportes_Concepción_footballers	87	517	-430
Marijan_Kovačević	wikicat_NK_Široki_Brijeg_players	81	515	-434
Vaduz	wikicat_Subdivisions_of_Liechtenstein	15904	16338	-434
Mos_Def	wikicat_Alternative_hip_hop_musicians	609	1045	-436
John_Kerry	wikicat_Anti–death_penalty_activists	43	480	-437
Marcos_Paulo_Alves	wikicat_1999_FIFA_Confederations_Cup_players	736	1176	-440
Canterbury	wikicat_Post_towns_in_the_CT_postcode_area	14256	14697	-441
Shaanxi	wikicat_Regions_of_China	364	807	-443
Steven_Spielberg	wikicat_BAFTA_fellows	249	692	-443
Milan	wikicat_Populated_places_established_in_the_1st_millennium_BC	74	519	-445
Alexandre_Lopes	wikicat_FC_Spartak_Moscow_players	481	926	-445
Abruzzo	wikicat_States_and_territories_established_in_1963	10988	11434	-446
Negeri_Sembilan_FA	wikicat_Association_football_clubs	15	462	-447
Friedrich_Engels	wikicat_German_writers	419	867	-448
Agadir	wikicat_Spa_towns	471	923	-452
Burkhard_Segler	wikicat_1._FC_Bocholt_players	16026	16480	-454
Hilary_Duff	wikicat_American_women_novelists	80	535	-455
Marius_Niculae	wikicat_1._FSV_Mainz_05_players	854	1310	-456
Mvondo_Atangana	wikicat_FC_Luch-Energiya_Vladivostok_players	391	848	-457
J._Robert_Oppenheimer	wikicat_Weapons_scientists_and_engineers	235	692	-457
K.V.C._Westerlo	wikicat_Association_football_clubs_established_in_1933	210	673	-463
George_Abbott	wikicat_Writers_from_New_York_City	54	518	-464
Tonnerre_Yaoundé	wikicat_Association_football_clubs_established_in_1934	1240	1705	-465
Giuseppe_Verdi	wikicat_Italian_atheists	211	677	-466
Deportivo_Pereira	wikicat_Association_football_clubs_established_in_1944	34	503	-469
Dorge_Kouemaha	wikicat_Aris_Thessaloniki_F.C._players	477	947	-470
Andy_King_(footballer,_born_1956)	wikicat_Swindon_Town_F.C._managers	155	626	-471
Jerzy_Skolimowski	wikicat_Polish_actors	15481	15952	-471
Nicolae_Iorga	wikicat_Literary_critics	381	853	-472
FK_Viktoria_Žižkov	wikicat_Association_football_clubs_established_in_1903	554	1029	-475
California	wikicat_States_and_territories_established_in_1850	16555	17035	-480
Voltaire	wikicat_Deists	431	914	-483
Argentinos_Juniors	wikicat_Association_football_clubs_established_in_1904	358	845	-487
Franz_Carr	wikicat_English_expatriates_in_the_United_States	313	805	-492
Raoul_Bott	wikicat_Carnegie_Mellon_University_alumni	82	577	-495
Yorkshire_Dales	wikicat_National_parks_of_England_and_Wales	14076	14573	-497
Luis_Flores_(basketball)	wikicat_Basketball_players_from_New_York	15201	15699	-498
Martin_Heidegger	wikicat_German_poets	352	850	-498
Caracas_FC	wikicat_Association_football_clubs_established_in_1984	137	639	-502
Canonsburg,_Pennsylvania	wikicat_Cities_in_Pennsylvania	1	505	-504
Sissy_Spacek	wikicat_Actors_Studio_alumni	2659	3173	-514
CA_Bordj_Bou_Arréridj	wikicat_Association_football_clubs_established_in_1931	2603	3120	-517
Jim_Adams_(soccer)	wikicat_Delaware_Wizards_players	12386	12910	-524
Ben_Davis_(basketball)	wikicat_Makedonikos_B.C._players	15845	16369	-524
Iván_Guerrero	wikicat_Coventry_City_F.C._players	272	797	-525
Filmfare_Awards	wikicat_Indian_awards	15572	16098	-526
R.A.A._Louviéroise	wikicat_Association_football_clubs_disestablished_in_2009	37	568	-531
Unión_San_Felipe	wikicat_Association_football_clubs_established_in_1956	500	1041	-541
Émile_Mpenza	wikicat_People_from_Brussels	3144	3686	-542
Ronald_Fisher	wikicat_Geneticists	96	640	-544
Foeke_Booy	wikicat_Al-Nassr_FC_managers	16314	16858	-544
Raul_Águas	wikicat_C.S._Marítimo_managers	14994	15541	-547
Landskrona_BoIS	wordnet_club_108227214	59	614	-555
Novo_Mesto	wordnet_administrative_district_108491826	120	678	-558
Nanning_Wuxu_International_Airport	wikicat_Airports_established_in_1962	15462	16024	-562
Terence_Winter	wikicat_New_York_University_alumni	1069	1639	-570
M._T._Vasudevan_Nair	wikicat_Indian_short_story_writers	13968	14548	-580
Chien-Shiung_Wu	wikicat_Writers_from_Shanghai	10124	10706	-582
Jean-Luc_Godard	wikicat_Swiss_film_directors	14823	15407	-584
Čakovec	wordnet_administrative_district_108491826	21	617	-596
AS_Khroub	wikicat_Association_football_clubs_established_in_1927	36	633	-597
Pittsburgh	wikicat_Pennsylvania_populated_places_on_the_Ohio_River	12928	13526	-598
LL_Cool_J	wikicat_Def_Jam_Recordings_artists	14817	15417	-600
Charlotte_Gainsbourg	wikicat_English_people_of_French_descent	668	1271	-603
Steven_Tyler	wikicat_Idols_(TV_series)_judges	168	771	-603
Jeremiah_Denton	wikicat_Naval_War_College_alumni	15388	15995	-607
Charles_Darwin	wikicat_English_sceptics	220	827	-607
Albert_Einstein	wikicat_American_humanitarians	1133	1740	-607
Garry_Thompson_(footballer_born_1959)	wikicat_Brentford_F.C._managers	327	936	-609
Louie_Donowa	wikicat_Expatriate_footballers_in_Finland	442	1052	-610
Jean-Luc_Godard	wikicat_French_film_editors	14767	15377	-610
Order_of_the_Star_of_Italian_Solidarity	wikicat_Awards_established_in_1947	137	747	-610
Julianne_Moore	wikicat_American_children's_writers	602	1220	-618
John_Maynard_Keynes	wikicat_LGBT_people_from_England	519	1138	-619
Alex_Williams_(footballer_born_1983)	wikicat_Dundalk_F.C._players	43	665	-622
Søren_Kierkegaard	wikicat_Christian_ethicists	15343	15966	-623
José_Carlos_da_Costa_Araújo	wikicat_Americano_Futebol_Clube_players	356	980	-624
Aurelio_Vidmar	wikicat_People_from_Adelaide	1454	2081	-627
Beaufort,_South_Carolina	wikicat_Populated_places_in_Beaufort_County,_South_Carolina	9995	10632	-637
Ronald_Reagan	wikicat_People_of_the_Soviet_war_in_Afghanistan	312	950	-638
New_Haven,_Connecticut	wikicat_Cities_in_New_Haven_County,_Connecticut	12752	13395	-643
Pascal_Zuberbühler	wikicat_Swiss-German_people	30	679	-649
Lacina_Traoré	wikicat_Everton_F.C._players	882	1532	-650
Club_Atlético_Lanús	wordnet_club_108227214	12	662	-650
CS_Bourgoin-Jallieu	wikicat_Sports_clubs_established_in_1906	1102	1754	-652
Dorchester_Town_F.C.	wikicat_Association_football_clubs_established_in_1880	51	706	-655
Oklahoma_City	wikicat_Cities_in_Cleveland_County,_Oklahoma	16584	17253	-669
John_Badham	wikicat_Yale_University_alumni	846	1520	-674
Prince_Philip,_Duke_of_Edinburgh	wikicat_People_educated_at_Gordonstoun	16505	17179	-674
Keanu_Reeves	wikicat_American_atheists	727	1402	-675
Sevnica	wikicat_Cities_and_towns_in_Styria_(Slovenia)	12999	13675	-676
Ilkeston_F.C.	wikicat_Football_clubs_in_Derbyshire	432	1112	-680
Jean-Emmanuel_Effa_Owona	wikicat_Cameroonian_expatriates_in_Qatar	14818	15501	-683
Vladimir_Chelomey	wikicat_Kyiv_Polytechnic_Institute_alumni	14968	15651	-683
George_Berkeley	wikicat_People_from_Dublin_(city)	175	858	-683
Bolzano	wordnet_administrative_district_108491826	5	689	-684
Danny_Califf	wikicat_2003_FIFA_Confederations_Cup_players	230	916	-686
Delron_Buckley	wikicat_Maritzburg_United_F.C._players	128	814	-686
Hichem_Mezaïr	wikicat_WA_Tlemcen_players	15467	16154	-687
Honoré_de_Balzac	wikicat_French_monarchists	138	828	-690
John_Ruskin	wikicat_British_socialists	1017	1707	-690
Daniel_Dennett	wikicat_20th-century_American_people	2656	3347	-691
S.V._Zulte_Waregem	wikicat_Association_football_clubs_established_in_2001	226	919	-693
Robert_Anton_Wilson	wikicat_Conspiracy_theorists	757	1452	-695
Giuseppe_Sannino	wikicat_Watford_F.C._managers	14945	15641	-696
Chuck_Norris	wikicat_American_martial_artists	13510	14213	-703
Delta_Goodrem	wikicat_Singers_from_Sydney	12512	13215	-703
George_Best	wikicat_Fort_Lauderdale_Strikers_(1977–83)_players	13866	14586	-720
Ljungskile_SK	wikicat_Football_clubs_in_Sweden	14591	15320	-729
Michael_Black_(footballer)	wikicat_Cheshunt_F.C._players	592	1336	-744
FC_Barcelona_C	wikicat_Association_football_clubs_disestablished_in_2007	428	1172	-744
Captain_Beefheart	wikicat_Harmonica_players	1535	2280	-745
Aristide_Briand	wikicat_People_from_Nantes	13990	14744	-754
Zagłębie_Lubin	wikicat_Football_clubs_in_Poland	110	865	-755
Mamadou_Bagayoko	wikicat_French_people_of_Malian_descent	10	773	-763
Finland	wordnet_area_108497294	1178	1941	-763
André_Weil	wikicat_Aligarh_Muslim_University_alumni	16592	17368	-776
Al-Sailiya_SC	wikicat_Football_clubs_in_Qatar	7227	8004	-777
Sylvia_Plath	wikicat_Glascock_Prize_winners	14114	14891	-777
Republican_Party_(United_States)	wikicat_Political_parties_established_in_1854	13469	14246	-777
Pete_Seeger	wikicat_American_tax_resisters	92	875	-783
University_of_Calgary	wikicat_Educational_institutions_established_in_1966	13664	14448	-784
I._M._Pei	wikicat_People_from_Guangzhou	151	951	-800
Richard_Hofstadter	wikicat_Jewish_American_historians	287	1088	-801
Ashgabat	wikicat_Provinces_of_Turkmenistan	15347	16153	-806
Kamel_Larbi	wikicat_US_Sénart-Moissy_players	16041	16848	-807
Werner_Heisenberg	wikicat_People_from_Bavaria	408	1221	-813
Chevy_Chase,_Maryland	wordnet_administrative_district_108491826	282	1096	-814
Duchy_of_Styria	wikicat_Divided_regions	74	896	-822
Beirut	wikicat_Amarna_letters_locations	211	1058	-847
Arthur_Moses	wikicat_Ghanaian_expatriates_in_Nigeria	12273	13123	-850
Ricardo_Montalbán	wikicat_Dames_of_St._Gregory_the_Great	3392	4243	-851
Martin_Rees,_Baron_Rees_of_Ludlow	wikicat_People_from_York	15533	16387	-854
Stan_Laurel	wikicat_Hal_Roach_Studios_actors	14342	15199	-857
John_F._Kennedy	wikicat_Roman_Catholic_heads_of_government	15792	16651	-859
Larne	wikicat_Port_cities	27	891	-864
Carl_Dickinson	wikicat_English_expatriates_in_Iceland	119	987	-868
Íþróttabandalag_Vestmannaeyja	wikicat_Association_football_clubs_established_in_1903	9	882	-873
Beitar_Jerusalem_F.C.	wikicat_Association_football_clubs_established_in_1939	361	1235	-874
Hussein_of_Jordan	wikicat_People_from_Amman	15369	16258	-889
Keanu_Reeves	wikicat_Canadian_people_of_Chinese_descent	16668	17561	-893
John_W._Campbell_Memorial_Award_for_Best_Science_Fiction_Novel	wikicat_Awards_established_in_1973	14104	15000	-896
Nacer_Abdellah	wikicat_FC_Den_Bosch_players	151	1053	-902
Gheorghe_Hagi	wikicat_Süper_Lig_managers	424	1344	-920
S.V._Zulte_Waregem	wikicat_Football_clubs_in_Belgium	2	923	-921
Syarhey_Kuznyatsow	wikicat_FC_Dinamo_Brest_players	13713	14637	-924
Roald_Dahl	wikicat_British_people_of_World_War_II	580	1505	-925
Lionel_Messi	wikicat_FIFA_World_Cup_players	15420	16348	-928
Nokia	wikicat_Electronics_companies	12551	13480	-929
Ruth_Rendell	wikicat_Women_mystery_writers	719	1655	-936
Luís_Eduardo_Schmidt	wikicat_Brazilian_people_of_German_descent	13130	14068	-938
Shpëtim_Babaj	wikicat_People_from_Pristina	15250	16189	-939
Eduardo_Gonçalves_de_Oliveira	wikicat_Brazilian_expatriates_in_Germany	286	1226	-940
Netanya	wikicat_Populated_places_established_in_1928	10937	11901	-964
US_Boulogne	wikicat_Association_football_clubs_established_in_1898	245	1221	-976
King_Khalid_International_Airport	wikicat_Airports_in_Saudi_Arabia	14930	15912	-982
Belo_Horizonte	wikicat_Populated_places_established_in_1701	3429	4412	-983
Luigi_De_Canio	wikicat_Expatriate_football_managers_in_England	1515	2515	-1000
Erwin_Schrödinger	wikicat_Alumni_of_Magdalen_College,_Oxford	451	1455	-1004
Stephen_Fry	wikicat_LGBT_directors	3600	4608	-1008
Minnesota	wikicat_States_and_territories_established_in_1858	12217	13227	-1010
Matthew_Bellamy	wikicat_British_libertarians	2264	3278	-1014
Bill_Evans	wikicat_Riverside_Records_artists	14680	15709	-1029
Umeå	wordnet_administrative_district_108491826	1	1032	-1031
Amartya_Sen	wikicat_Feminist_economists	14126	15159	-1033
Vladimir_Chelomey	wikicat_Early_spaceflight_scientists	14258	15294	-1036
Rhenen	wikicat_Subdivisions_of_the_Netherlands	13506	14544	-1038
Concord_Rangers_F.C.	wikicat_Association_football_clubs_established_in_1967	802	1844	-1042
Allen_Ginsberg	wikicat_Golden_Wreath_laureates	3480	4523	-1043
Robert_I,_Duke_of_Parma	wordnet_officeholder_110371450	18	1064	-1046
Bret_McKenzie	wikicat_New_Zealand_male_comedians	12068	13116	-1048
Richard_Garcia	wikicat_North_American_Soccer_League_players	1081	2159	-1078
Canonsburg,_Pennsylvania	wikicat_Boroughs_in_Pennsylvania	7	1096	-1089
Alan_Ladd	wikicat_People_from_Hot_Springs,_Arkansas	12555	13661	-1106
Guy_Feutchine	wikicat_Cameroonian_expatriates_in_Poland	11299	12412	-1113
Rachel_Weisz	wikicat_English_female_models	12551	13669	-1118
Jim_Adams_(soccer)	wikicat_Cincinnati_Excite_players	14841	15965	-1124
Palm_Springs,_California	wikicat_Populated_places_established_in_1896	186	1313	-1127
Collins_John	wikicat_Piast_Gliwice_players	869	1996	-1127
C.F._Os_Belenenses	wikicat_Association_football_clubs_established_in_1919	18	1166	-1148
John_Maynard_Keynes	wikicat_Liberal_Party_(UK)_politicians	477	1646	-1169
Grand_Rapids,_Michigan	wikicat_University_towns_in_the_United_States	35	1212	-1177
Prince_Philip,_Duke_of_Edinburgh	wikicat_British_royal_consorts	16241	17430	-1189
B._W._Powe	wikicat_Writers_from_Toronto	781	1988	-1207
Alan_McLoughlin	wikicat_Forest_Green_Rovers_F.C._players	603	1810	-1207
Fredericton	wordnet_administrative_district_108491826	27	1237	-1210
Perth,_Scotland	wikicat_Port_cities_and_towns_of_the_North_Sea	15	1227	-1212
Central_Texas	wikicat_Great_Plains	10350	11567	-1217
Missoula,_Montana	wikicat_University_towns_in_the_United_States	2011	3239	-1228
Joe_Addo	wikicat_FSV_Frankfurt_players	1307	2544	-1237
Louisiana	wikicat_States_and_territories_established_in_1812	13888	15125	-1237
Kunming_Changshui_International_Airport	wikicat_Airports_established_in_2012	8705	9951	-1246
Gary_Cole	wikicat_People_from_Park_Ridge,_Illinois	15120	16366	-1246
Athens	wikicat_Ancient_Greek_sites_in_Greece	14912	16164	-1252
Uche_Akubuike	wikicat_Sharks_F.C._players	14036	15308	-1272
Ely_Thadeu	wikicat_Esporte_Clube_Democrata_players	13608	14886	-1278
Leah_Laiman	wikicat_American_soap_opera_writers	2394	3673	-1279
Anthony_Eden	wikicat_Younger_sons_of_baronets	15126	16416	-1290
Bill_Evans	wikicat_Bebop_musicians	13468	14762	-1294
John_McCain	wikicat_Military_brats	1411	2711	-1300
FK_Hajduk_Kula	wikicat_Association_football_clubs_disestablished_in_2013	84	1385	-1301
Zacatepec	wikicat_Association_football_clubs_established_in_1948	20	1327	-1307
Eddie_Basden	wikicat_Charlotte_49ers_men's_basketball_players	13803	15130	-1327
Montevideo	wikicat_Populated_places_in_Uruguay	13409	14745	-1336
Jeremy_Bentham	wikicat_LGBT_rights_activists_from_England	11723	13061	-1338
Roman_Eremenko	wikicat_Finnish_people_of_Ukrainian_descent	14383	15721	-1338
Buenos_Aires	wikicat_Populated_coastal_places_in_Argentina	13308	14647	-1339
Shqipran_Skeraj	wikicat_Djurgårdens_IF_Fotboll_players	148	1496	-1348
Kilmarnock_F.C.	wikicat_Association_football_clubs_established_in_1869	9598	10946	-1348
Nouméa	wordnet_commune_108541609	45	1404	-1359
Australian_Capital_Territory	wikicat_Enclaves	54	1417	-1363
Nobel_Prize_in_Chemistry	wikicat_Swedish_awards	3	1367	-1364
George_R._R._Martin	wikicat_American_conscientious_objectors	15440	16807	-1367
Marcin_Folc	wikicat_Widzew_Łódź_players	1156	2531	-1375
Fausto_Lourenço	wikicat_Expatriate_footballers_in_Kazakhstan	1489	2876	-1387
Richard_O'Donnell	wikicat_Buxton_F.C._players	489	1881	-1392
Mohd_Nazrulerwan_Makmor	wikicat_Malaysian_footballers	14928	16342	-1414
L'Entente_SSG	wikicat_Association_football_clubs_established_in_1989	3297	4712	-1415
Samir_Boughanem	wikicat_Shamrock_Rovers_F.C._players	606	2026	-1420
Miklós_Horthy	wikicat_Austro-Hungarian_people_of_World_War_I	15402	16823	-1421
Samuel_R._Delany	wikicat_Writers_from_Philadelphia,_Pennsylvania	13710	15140	-1430
Central_Federal_District	wikicat_Federal_districts_of_Russia	10433	11875	-1442
Flevoland	wikicat_Polders	2401	3843	-1442
Alice_Munro	wikicat_Canadian_novelists	15001	16479	-1478
Bret_McKenzie	wikicat_New_Zealand_actors	14463	15949	-1486
Augsburg	wikicat_Archaeological_sites_in_Germany	14594	16083	-1489
Zakari_Lambo	wikicat_VfR_Mannheim_players	434	1925	-1491
Thom_Yorke	wikicat_English_activists	978	2475	-1497
Ryan_Mack	wikicat_Xtreme_Soccer_League_players	14762	16260	-1498
New_York_Cosmos	wikicat_Association_football_clubs_established_in_1971	2548	4053	-1505
Thomas_Jefferson	wikicat_Democratic-Republican_Party_politicians	13350	14863	-1513
Craig_Nelson_(footballer)	wikicat_People_from_Coatbridge	14933	16447	-1514
Peter_Kropotkin	wikicat_Russian_anarchists	14075	15591	-1516
Rabat	wikicat_World_Heritage_Sites_in_Morocco	13365	14881	-1516
Molot-Prikamye_Perm	wikicat_Sports_clubs_established_in_1948	12440	13959	-1519
Mike_Myers	wordnet_actor_109765278	15885	17408	-1523
Jagiellonia_Białystok	wikicat_Football_clubs_in_Poland	167	1715	-1548
50_Cent	wikicat_People_from_Jamaica,_Queens	11286	12837	-1551
Michael_Nyman	wikicat_Postmodern_composers	14888	16443	-1555
Felix_Ogbuke	wikicat_Enugu_Rangers_players	13260	14819	-1559
Neil_Jordan	wikicat_People_of_the_Year_Awards_winners	15724	17287	-1563
Jaipur	wikicat_Planned_cities	27	1591	-1564
FC_Dynamo_Stavropol	wikicat_Football_clubs_in_Russia	374	1941	-1567
Sigfried_Held	wikicat_1970_FIFA_World_Cup_players	654	2249	-1595
San_Martín_de_San_Juan	wikicat_Football_clubs_in_Argentina	179	1797	-1618
FC_Baník_Horná_Nitra	wikicat_Defunct_association_football_clubs	37	1667	-1630
Jeremy_Bentham	wikicat_British_lawyers	5518	7152	-1634
Matteo_Momentè	wikicat_Teramo_Calcio_players	14312	15960	-1648
Doris_Lessing	wikicat_21st-century_dramatists_and_playwrights	14311	15961	-1650
Austin,_Texas	wikicat_Cities_in_Travis_County,_Texas	12441	14092	-1651
Kitchee_SC	wikicat_Association_football_clubs_established_in_1931	5189	6845	-1656
Terrel_Castle	wikicat_Makedonikos_B.C._players	14796	16480	-1684
Sunil_Dutt	wikicat_Indian_National_Congress_politicians	13605	15315	-1710
Enschede	wordnet_administrative_district_108491826	590	2322	-1732
Galatasaray_S.K.	wikicat_Association_football_clubs_established_in_1905	192	1958	-1766
Hugh_Grant	wikicat_People_from_Hammersmith_and_Fulham_(London_borough)	13761	15537	-1776
Daniel_McBreen	wikicat_FC_Universitatea_Craiova_players	779	2571	-1792
Aaran_Lines	wikicat_2003_FIFA_Confederations_Cup_players	472	2268	-1796
Joventut_Badalona	wikicat_Sports_clubs_established_in_1930	10711	12508	-1797
Ernest_Rutherford	wikicat_People_educated_at_Nelson_College	14113	15922	-1809
University_of_Bristol	wikicat_Organizations_established_in_1909	11098	12912	-1814
Manzhouli_Xijiao_Airport	wordnet_airport_102692232	302	2119	-1817
Tórshavn	wikicat_Municipalities_of_the_Faroe_Islands	14801	16625	-1824
Anthony_Eden	wikicat_British_diplomats	14136	15967	-1831
Dino_Fava	wikicat_S.S._Formia_Calcio_players	12581	14431	-1850
Eau_Claire,_Wisconsin	wikicat_Cities_in_Chippewa_County,_Wisconsin	12895	14746	-1851
University_of_São_Paulo	wikicat_Universities_and_colleges	227	2080	-1853
Estonia_national_football_team	wikicat_National_sports_teams_of_Estonia	14426	16286	-1860
Daniel_McBreen	wikicat_Shanghai_East_Asia_players	946	2827	-1881
Melissa_Tancredi	wikicat_Saint_Louis_Athletica_players	12851	14735	-1884
Özden_Öngün	wikicat_Sakaryaspor_footballers	115	2004	-1889
Tom_Brighton	wikicat_Association_football_strikers	168	2069	-1901
Agustín_Castillo	wikicat_Deportivo_Cuenca_footballers	1329	3234	-1905
Pierce_Brosnan	wikicat_Honorary_Officers_of_the_Order_of_the_British_Empire	13645	15557	-1912
Ludwig_Wittgenstein	wikicat_Prisoners_of_war	2458	4371	-1913
Walt_Disney	wikicat_American_cartoonists	327	2240	-1913
Tashkent	wikicat_Populated_places_in_Uzbekistan	11349	13270	-1921
Paul_Simpson_(footballer)	wikicat_Stockport_County_F.C._managers	230	2152	-1922
San_Francisco_Seals_(soccer)	wikicat_Soccer_clubs_in_San_Francisco,_California	11662	13585	-1923
Army_United_F.C.	wikicat_Association_football_clubs_established_in_1964	263	2206	-1943
Spennymoor_United_F.C.	wikicat_Football_clubs_in_County_Durham	1699	3657	-1958
Gilbert_Bodart	wikicat_SC_Eendracht_Aalst_managers	12518	14483	-1965
Nassim_Mendil	wikicat_A.C._Pro_Sesto_players	10901	12882	-1981
Benoit_Mandelbrot	wikicat_American_economists	166	2156	-1990
José_Ferrer	wikicat_Princeton_University_alumni	402	2409	-2007
Amsterdam	wikicat_Port_cities_and_towns_in_the_Netherlands	14743	16762	-2019
Cook_County,_Illinois	wikicat_Populated_places_established_in_1831	14635	16657	-2022
Andy_King_(footballer,_born_1956)	wikicat_Waterford_United_F.C._managers	147	2174	-2027
Richard_Garcia	wikicat_Melbourne_City_FC_players	14595	16627	-2032
Haile_Selassie_I_of_Ethiopia	wikicat_Chief_Commanders_of_the_Legion_of_Merit	15196	17232	-2036
Liverpool_F.C.	wikicat_Association_football_clubs_established_in_1892	128	2168	-2040
Diego_Bustamante	wikicat_FBC_Melgar_footballers	13310	15361	-2051
Cuca_(footballer)	wikicat_Associação_Chapecoense_de_Futebol_players	192	2250	-2058
Vital_Lyadzyanyow	wikicat_FC_Gorodeya_players	9445	11511	-2066
David_Lynch	wikicat_American_cartoonists	516	2583	-2067
Masaru_Sato	wikicat_People_from_Hokkaido	15719	17806	-2087
Tom_Stoppard	wikicat_21st-century_dramatists_and_playwrights	12502	14589	-2087
Friedrich_Hayek	wikicat_Libertarian_historians	13327	15429	-2102
Hong_Kong	wikicat_Islands_of_China	13971	16077	-2106
Ikechi_Anya	wikicat_Sevilla_Atlético_footballers	1701	3811	-2110
Vermont	wikicat_Populated_places_established_in_1791	311	2423	-2112
Aníbal_Cavaco_Silva	wikicat_Alumni_of_the_University_of_York	14951	17067	-2116
Harvard_College	wikicat_Educational_institutions_established_in_the_17th_century	9559	11680	-2121
Mike_Myers	wikicat_Canadian_expatriate_male_actors_in_the_United_States	13687	15811	-2124
FC_Chiasso	wikicat_Italian_football_First_Division_clubs	197	2326	-2129
Castries	wikicat_Populated_places_established_in_1650	15409	17555	-2146
John_Magnier	wikicat_Owners_of_Epsom_Derby_winners	15115	17263	-2148
Buckethead	wikicat_American_people	5624	7780	-2156
Édison_Méndez	wikicat_People_from_Ibarra,_Ecuador	14418	16575	-2157
Nassim_Mendil	wikicat_Algerian_expatriates_in_Belgium	13684	15852	-2168
Pete_Seeger	wikicat_Artists_from_New_York	10786	12968	-2182
Świebodzin_County	wikicat_Counties_of_Poland	166	2354	-2188
Sergey_Kostyuk	wikicat_FC_Tobol_players	1025	3243	-2218
Bury_F.C.	wikicat_Football_clubs_in_Bury	12239	14465	-2226
Marcus_Miller	wikicat_Fiorello_H._LaGuardia_High_School_alumni	7110	9343	-2233
Mircea_Rednic	wikicat_Romanian_expatriates_in_Azerbaijan	13113	15350	-2237
Cristian_González_Aidinovich	wikicat_Liverpool_F.C._(Montevideo)_players	12896	15159	-2263
George_Best	wikicat_Queensland_Lions_players	13898	16181	-2283
Dundee	wikicat_Cities_in_the_United_Kingdom	382	2712	-2330
Saracens_F.C.	wikicat_Sports_clubs_established_in_1876	10890	13224	-2334
Pierre_Trudeau	wikicat_Université_de_Montréal_alumni	12925	15295	-2370
Matt_Taylor_(footballer)	wikicat_Team_Bath_F.C._players	13301	15674	-2373
South_Pyongan_Province	wikicat_Provinces_of_North_Korea	14309	16684	-2375
Gary_Alexander_(basketball)	wikicat_People_from_Jacksonville,_Florida	12923	15315	-2392
Bronisław_Komorowski	wikicat_Presidents_of_Poland	13190	15590	-2400
Ian_McLagan	wikicat_People_from_Hounslow	11515	13935	-2420
Kathy_Bates	wikicat_People_from_Memphis,_Tennessee	14440	16865	-2425
Las_Vegas	wikicat_County_seats_in_Nevada	10969	13399	-2430
Granville,_Manche	wikicat_Spa_towns_in_France	12813	15247	-2434
Saskatoon	wikicat_Populated_places_established_in_1883	222	2668	-2446
Walter_Novellino	wikicat_A.C._Perugia_Calcio_managers	13822	16327	-2505
Steven_Spielberg	wikicat_American_billionaires	15170	17675	-2505
Louis_XV_of_France	wikicat_People_from_Versailles	2140	4684	-2544
Martin_Luther_King,_Jr.	wikicat_Morehouse_College_alumni	13308	15888	-2580
Mos_Def	wikicat_People_from_Bedford–Stuyvesant,_Brooklyn	14595	17179	-2584
Hong_Kong	wikicat_Metropolitan_areas	390	2976	-2586
Gheorghe_Hagi	wikicat_Expatriate_football_managers_in_Turkey	1109	3711	-2602
Locarno	wikicat_Populated_places_on_Lake_Maggiore	12299	14960	-2661
Ilija_Najdoski	wikicat_Eastern_Romance_people	1034	3766	-2732
Zielona_Góra_County	wikicat_Counties_of_Poland	494	3237	-2743
Oleh_Taran	wikicat_Soviet_expatriate_footballers	12278	15028	-2750
North_Carolina	wikicat_States_and_territories_established_in_1789	11894	14653	-2759
Kalusha_Bwalya	wikicat_Zambian_footballers	12871	15633	-2762
Nagasaki	wikicat_World_War_II_sites_in_Japan	14057	16842	-2785
Precious_Emuejeraye	wikicat_Nigerian_emigrants_to_Singapore	12840	15626	-2786
Corey_Feldman	wikicat_People_from_the_San_Fernando_Valley	14362	17157	-2795
Terrance_Roberson	wikicat_BC_Kyiv_players	13167	15975	-2808
University_of_San_Francisco	wikicat_Roman_Catholic_schools_in_the_United_States	11863	14702	-2839
Club_Atlético_Sarmiento	wikicat_Association_football_clubs_established_in_1911	1825	4669	-2844
Karl_Marx	wikicat_Marxist_journalists	12686	15543	-2857
Giulietta_Masina	wikicat_Actresses_from_Rome	12776	15635	-2859
Newark,_New_Jersey	wikicat_Populated_places_established_in_1666	9342	12213	-2871
West_Azerbaijan_Province	wordnet_site_108651247	148	3020	-2872
Walid_Atta	wikicat_Väsby_United_players	14431	17322	-2891
John_Henry_Newman	wikicat_English_sermon_writers	9508	12405	-2897
Bronze_Star_Medal	wikicat_Awards_and_decorations_of_the_United_States_Army	14119	17023	-2904
Bajo_Aragón	wordnet_administrative_district_108491826	52	2976	-2924
New_France	wikicat_Former_regions_and_territories_of_the_United_States	13290	16223	-2933
Mato_Neretljak	wikicat_People_from_Orašje	12457	15400	-2943
Robert_Robinson_(organic_chemist)	wikicat_Organic_chemists	7605	10556	-2951
Kansas	wikicat_States_and_territories_established_in_1861	1691	4656	-2965
Klaus_Toppmöller	wikicat_FC_Erzgebirge_Aue_managers	12300	15272	-2972
Socialist_Federal_Republic_of_Yugoslavia	wikicat_States_and_territories_established_in_1945	9370	12345	-2975
Nozomi_Hiroyama	wikicat_Cerezo_Osaka_players	13678	16743	-3065
Jokerit	wikicat_Kontinental_Hockey_League_expansion_teams	11567	14635	-3068
RWDM_Brussels_FC	wikicat_Football_clubs_in_Belgium	298	3381	-3083
Technion_–_Israel_Institute_of_Technology	wikicat_Research_institutes_in_Israel	11338	14444	-3106
Cuca_(footballer)	wikicat_People_from_Curitiba	13045	16172	-3127
Oleg_Veretennikov	wikicat_FC_SKA_Rostov_players	10213	13349	-3136
Riga_Mustapha	wikicat_Dutch_people_of_Ghanaian_descent	11909	15059	-3150
Lassen_County,_California	wikicat_Populated_places_established_in_1864	11244	14407	-3163
Matteo_Momentè	wikicat_Calcio_Montebelluna_players	13704	16879	-3175
Davos	wikicat_Ski_areas_and_resorts_in_Switzerland	13556	16769	-3213
Cape_Town_City_F.C.	wikicat_Association_football_clubs_established_in_1960	3361	6574	-3213
Jared_Borgetti	wikicat_Mexican_people_of_Italian_descent	12630	15843	-3213
Susan_Sontag	wikicat_Bisexual_women	882	4123	-3241
Anthony_Eden	wikicat_Earls_in_the_Peerage_of_the_United_Kingdom	13636	16879	-3243
Gheorghe_Hagi	wikicat_Bursaspor_managers	3873	7133	-3260
Mateus_Galiano_da_Costa	wikicat_Angolan_expatriates_in_Portugal	11132	14453	-3321
Geno_Carlisle	wikicat_People_from_Grand_Rapids,_Michigan	7220	10557	-3337
Prix_Médicis	wikicat_Non-fiction_literary_awards	11117	14460	-3343
Kosovo_War	wikicat_Wars_involving_Serbia	11831	15198	-3367
Taiyuan	wikicat_Cities_in_Shanxi	10289	13703	-3414
İbrahim_Aydemir	wikicat_Etimesgut_Şekerspor_footballers	11127	14543	-3416
Michel_Aflaq	wikicat_Arab_nationalists	777	4203	-3426
Christian_Callejas	wikicat_Expatriate_footballers_in_Malta	3144	6613	-3469
Gimnàstic_de_Tarragona	wikicat_Football_clubs_in_Catalonia	9179	12655	-3476
Clube_Atlético_Mineiro	wikicat_Football_clubs_in_Belo_Horizonte	11495	14975	-3480
Krunoslav_Lovrek	wikicat_Cerezo_Osaka_players	12583	16065	-3482
Charles_de_Gaulle	wikicat_People_from_Lille	10885	14375	-3490
Aleksandar_Komadina	wikicat_FC_Zimbru_Chișinău_players	11785	15309	-3524
Partizani_Tirana	wikicat_Football_clubs_in_Albania	2719	6337	-3618
Ontario_Liberal_Party	wikicat_Provincial_political_parties_in_Ontario	9757	13396	-3639
Montpellier_HSC_(Ladies)	wikicat_Women's_football_clubs_in_France	10630	14280	-3650
Seymour_Benzer	wikicat_Purdue_University_alumni	3202	6875	-3673
Nice	wikicat_Ancient_Greek_cities	183	3859	-3676
Yale_Law_School	wikicat_Educational_institutions_established_in_1824	9319	13001	-3682
Joyce_Carol_Oates	wikicat_Syracuse_University_alumni	11527	15219	-3692
Ville-Marie,_Montreal	wikicat_Boroughs_of_Montreal	11684	15399	-3715
Roberto_Pompei	wikicat_Huracán_managers	9873	13702	-3829
Matteo_Momentè	wikicat_People_from_the_Province_of_Venice	12909	16750	-3841
Precious_Emuejeraye	wikicat_Singaporean_expatriate_footballers	9159	13003	-3844
Nicollette_Sheridan	wikicat_English_soap_opera_actresses	13734	17608	-3874
Inglourious_Basterds	wikicat_German_films	8645	12563	-3918
Tunis	wikicat_Populated_places_established_in_the_2nd_millennium_BC	921	4839	-3918
James_Wong_(lyricist)	wikicat_Hong_Kong_male_singers	9441	13368	-3927
Aristotle	wikicat_Virtue_ethicists	13257	17185	-3928
Chick_Corea	wikicat_People_from_Massachusetts	1909	5865	-3956
University_of_Victoria	wikicat_Educational_institutions_established_in_1903	9431	13387	-3956
Nkana_F.C.	wikicat_Football_clubs_in_Zambia	10245	14206	-3961
Graham_Arnold	wikicat_2007_AFC_Asian_Cup_managers	1276	5243	-3967
Allentown,_Pennsylvania	wikicat_Populated_places_on_the_Lehigh_River	12353	16334	-3981
Andy_Williams_(Jamaican_footballer)	wikicat_Real_Salt_Lake_players	11779	15813	-4034
50_Cent	wikicat_American_stock_traders	11893	15935	-4042
New_Bedford,_Massachusetts	wikicat_Cities_in_Bristol_County,_Massachusetts	12060	16119	-4059
Shimon_Peres	wikicat_Prime_Ministers_of_Israel	13060	17141	-4081
Geert_den_Ouden	wikicat_Expatriate_footballers_in_Malta	1323	5488	-4165
Alekos_Alekou	wikicat_Cyprus_international_footballers	11764	15931	-4167
Sherman_Oaks,_Los_Angeles	wikicat_Los_Angeles_County,_California_regions	9827	14016	-4189
Takasaki,_Gunma	wikicat_Cities_in_Gunma_Prefecture	10914	15131	-4217
Jim_Adams_(soccer)	wikicat_Cincinnati_Riverhawks_players	12233	16457	-4224
Abraham_Lincoln	wikicat_Smallpox_survivors	2818	7045	-4227
Delta_Goodrem	wikicat_Actresses_from_Sydney	11876	16140	-4264
Kang_Chul	wikicat_Sangmu_FC_(Semi-professional)_players	11134	15433	-4299
Ronald_Arana	wikicat_Municipal_Real_Mamoré_players	12286	16637	-4351
Shimon_Peres	wikicat_Hebrew-language_writers	10913	15386	-4473
Michèle_Alliot-Marie	wikicat_Ministers_for_children,_young_people_and_families	12778	17327	-4549
Phil_Keaggy	wikicat_Musicians_from_Tennessee	12310	16875	-4565
Thom_Yorke	wikicat_Anti-globalization_activists	1607	6186	-4579
Joventut_Badalona	wikicat_Basketball_clubs_established_in_1930	6793	11414	-4621
Ömer_Erdoğan	wikicat_People_from_Kassel	9039	13937	-4898
Philosophy_of_language	wikicat_Branches_of_philosophy	67	4973	-4906
Trabzonspor	wikicat_Football_clubs_in_Turkey	3	4933	-4930
Washington,_D.C.	wikicat_Southern_United_States	3897	8832	-4935
Zemun	wikicat_Populated_places_in_Syrmia	7349	12289	-4940
David_Byrne	wikicat_Scottish_emigrants_to_the_United_States	7861	12811	-4950
The_Specials	wikicat_British_reggae_musical_groups	10361	15338	-4977
Dorinel_Munteanu	wikicat_People_from_Caraș-Severin_County	11482	16459	-4977
Toshiko_Akiyoshi	wikicat_Japanese_people_from_Manchukuo	11670	16773	-5103
The_Animatrix	wikicat_Direct-to-video_films	8839	13953	-5114
ABC_Futebol_Clube	wikicat_Football_clubs_in_Brazil	342	5477	-5135
Newport_RFC	wikicat_Welsh_rugby_union_teams	10777	15921	-5144
Al-Taawon_FC	wikicat_Sports_clubs_established_in_1956	9094	14290	-5196
Randers_FC	wikicat_Association_football_clubs_established_in_2003	5667	10877	-5210
Montclair,_New_Jersey	wikicat_Townships_in_New_Jersey	9182	14482	-5300
Reno	wikicat_County_seats_in_Nevada	9671	14974	-5303
Hérens_(district)	wikicat_Districts_of_Valais	7387	12724	-5337
Mauro_Bressan	wikicat_FC_Chiasso_players	6670	12008	-5338
Rainer_Zobel	wikicat_Persepolis_F.C._managers	10644	15992	-5348
LNB_Pro_A	wordnet_league_108231184	3442	8802	-5360
Continental_Basketball_Association	wikicat_Defunct_basketball_leagues	9524	14956	-5432
Rot_Weiss_Ahlen	wikicat_Association_football_clubs_established_in_1996	300	5827	-5527
Mitt_Romney	wikicat_American_management_consultants	9862	15407	-5545
Communist_Party_of_Germany	wikicat_Political_parties_established_in_1918	9095	14693	-5598
Jesús_Franco	wikicat_Spanish_male_film_actors	11091	16705	-5614
Denis_Leary	wikicat_Irish_male_comedians	10805	16439	-5634
Serge_Gainsbourg	wikicat_New_wave_musicians	9888	15544	-5656
INXS	wikicat_Australian_alternative_rock_groups	8912	14627	-5715
Syracuse,_New_York	wikicat_Populated_places_established_in_1825	2698	8624	-5926
Sheffield	wikicat_Local_government_districts_in_South_Yorkshire	8494	14550	-6056
A.S._Livorno_Calcio	wikicat_Association_football_clubs_established_in_1915	4391	10516	-6125
Krasnodar	wikicat_Cities_and_towns_in_Krasnodar_Krai	8104	14248	-6144
Le_Tampon	wikicat_Communes_of_Réunion	8128	14299	-6171
Staples_Center	wikicat_Basketball_venues	9812	16075	-6263
Setagaya,_Tokyo	wikicat_1964_Summer_Olympic_venues	8738	15121	-6383
University_of_Detroit_Mercy	wikicat_Universities_and_colleges_in_Detroit,_Michigan	8433	14903	-6470
Université_libre_de_Bruxelles	wikicat_Universities_in_Belgium	9831	16451	-6620
University_of_San_Francisco	wikicat_Universities_and_colleges_in_Sacramento_County,_California	7683	14305	-6622
Chelan_County,_Washington	wikicat_North_Cascades_of_Washington_(state)	9440	16139	-6699
Louisville	wikicat_Cities_in_the_United_States	5016	12151	-7135
Sergio_Romero	wikicat_Italian_people	3667	11091	-7424
Tirana	wikicat_Cities_in_Albania	9325	16771	-7446
New_Orleans	wikicat_Louisiana_populated_places_on_the_Mississippi_River	7994	15579	-7585
Windhoek	wikicat_Populated_places_established_in_1890	5687	13369	-7682
Las_Palmas	wikicat_Canary_Islands	8193	15921	-7728
Ricardo_Villar_(Brazilian_footballer)	wikicat_Brazilian_expatriates_in_Austria	8758	16527	-7769
John_Grisham	wikicat_Bancarella_Prize_winners	5957	13804	-7847
Fathi_Chebal	wikicat_Algerian_expatriates_in_Saudi_Arabia	5649	13746	-8097
St._Charles_County,_Missouri	wikicat_Missouri_counties_on_the_Mississippi_River	9165	17369	-8204
Communist_Party_of_Czechoslovakia	wikicat_Political_parties_in_Czechoslovakia	7857	16098	-8241
Kemi	wikicat_Populated_places_established_in_1869	1307	9660	-8353
Tampico	wikicat_Populated_coastal_places_in_Mexico	7575	16643	-9068
Europe	wikicat_Peninsulas_of_Asia	7138	16252	-9114
FC_Meyrin	wikicat_Football_clubs_in_Switzerland	145	9672	-9527
Enköping_Municipality	wikicat_Municipalities_of_Uppsala_County	6583	16378	-9795
Central_Europe	wikicat_Regions	5620	15419	-9799
Taiyuan	wikicat_Populated_places_established_in_the_1st_millennium_BC	1805	12657	-10852
Dublin	wikicat_Towns_and_villages_in_County_Dublin	2070	13168	-11098
Shane_Huke	wikicat_People_from_Reading,_Berkshire	5461	17130	-11669
